1.665029999999999973e+03,
1.724490000000000009e+03,
1.747150000000000091e+03,
1.667859999999999900e+03,
1.500789999999999964e+03,
1.455480000000000018e+03,
1.432829999999999927e+03,
1.353539999999999964e+03,
1.319559999999999945e+03,
1.305400000000000091e+03,
1.302569999999999936e+03,
1.226119999999999891e+03,
1.248769999999999982e+03,
1.211960000000000036e+03,
1.172319999999999936e+03,
1.197799999999999955e+03,
1.160990000000000009e+03,
1.237440000000000055e+03,
1.226119999999999891e+03,
1.265759999999999991e+03,
1.311069999999999936e+03,
1.379029999999999973e+03,
1.478140000000000100e+03,
1.537599999999999909e+03,
1.523440000000000055e+03,
1.551759999999999991e+03,
1.500789999999999964e+03,
1.444160000000000082e+03,
1.390349999999999909e+03,
1.393190000000000055e+03,
1.444160000000000082e+03,
1.489460000000000036e+03,
1.480970000000000027e+03,
1.554589999999999918e+03,
1.616890000000000100e+03,
1.812279999999999973e+03,
1.871740000000000009e+03,
1.854750000000000000e+03,
1.781130000000000109e+03,
1.597069999999999936e+03,
1.469640000000000100e+03,
1.449819999999999936e+03,
1.432829999999999927e+03,
1.514950000000000045e+03,
1.622549999999999955e+03,
1.551759999999999991e+03,
1.769799999999999955e+03,
2.050139999999999873e+03,
1.945359999999999900e+03,
1.761299999999999955e+03,
1.792450000000000045e+03,
1.798119999999999891e+03,
1.820769999999999982e+03,
1.846259999999999991e+03,
1.880240000000000009e+03,
1.823599999999999909e+03,
1.778299999999999955e+03,
1.786789999999999964e+03,
1.849089999999999918e+03,
1.732990000000000009e+03,
1.707500000000000000e+03,
1.682019999999999982e+03,
1.769799999999999955e+03,
1.775460000000000036e+03,
1.837759999999999991e+03,
1.752809999999999945e+03,
1.514950000000000045e+03,
1.413009999999999991e+03,
1.446990000000000009e+03,
1.495130000000000109e+03,
1.478140000000000100e+03,
1.362039999999999964e+03,
1.308799999999999955e+03,
1.252740000000000009e+03,
1.134650000000000091e+03,
1.055079999999999927e+03,
1.014590000000000032e+03,
9.505900000000000318e+02,
9.695700000000000500e+02,
9.282200000000000273e+02,
9.143500000000000227e+02,
8.928300000000000409e+02,
8.690399999999999636e+02,
8.475199999999999818e+02,
8.948099999999999454e+02,
8.917000000000000455e+02,
8.809400000000000546e+02,
8.534700000000000273e+02,
1.010340000000000032e+03,
9.944900000000000091e+02,
9.279400000000000546e+02,
8.732899999999999636e+02,
8.911299999999999955e+02,
7.229299999999999500e+02,
1.665029999999999973e+03,
1.724490000000000009e+03,
1.747150000000000091e+03,
1.667859999999999900e+03,
1.500789999999999964e+03,
1.455480000000000018e+03,
1.432829999999999927e+03,
1.353539999999999964e+03,
1.319559999999999945e+03,
1.305400000000000091e+03,
1.302569999999999936e+03,
1.226119999999999891e+03,
1.248769999999999982e+03,
1.211960000000000036e+03,
1.172319999999999936e+03,
1.197799999999999955e+03,
1.160990000000000009e+03,
1.237440000000000055e+03,
1.226119999999999891e+03,
1.265759999999999991e+03,
1.311069999999999936e+03,
1.379029999999999973e+03,
1.478140000000000100e+03,
1.537599999999999909e+03,
1.523440000000000055e+03,
1.551759999999999991e+03,
1.500789999999999964e+03,
1.444160000000000082e+03,
1.390349999999999909e+03,
1.393190000000000055e+03,
1.444160000000000082e+03,
1.489460000000000036e+03,
1.480970000000000027e+03,
1.554589999999999918e+03,
1.616890000000000100e+03,
1.812279999999999973e+03,
1.871740000000000009e+03,
1.854750000000000000e+03,
1.781130000000000109e+03,
1.597069999999999936e+03,
1.469640000000000100e+03,
1.449819999999999936e+03,
1.432829999999999927e+03,
1.514950000000000045e+03,
1.622549999999999955e+03,
1.551759999999999991e+03,
1.769799999999999955e+03,
2.050139999999999873e+03,
1.945359999999999900e+03,
1.761299999999999955e+03,
1.792450000000000045e+03,
1.798119999999999891e+03,
1.820769999999999982e+03,
1.846259999999999991e+03,
1.880240000000000009e+03,
1.823599999999999909e+03,
1.778299999999999955e+03,
1.786789999999999964e+03,
1.849089999999999918e+03,
1.732990000000000009e+03,
1.707500000000000000e+03,
1.682019999999999982e+03,
1.769799999999999955e+03,
1.775460000000000036e+03,
1.837759999999999991e+03,
1.752809999999999945e+03,
1.514950000000000045e+03,
1.413009999999999991e+03,
1.446990000000000009e+03,
1.495130000000000109e+03,
1.478140000000000100e+03,
1.362039999999999964e+03,
1.308799999999999955e+03,
1.252740000000000009e+03,
1.134650000000000091e+03,
1.055079999999999927e+03,
1.014590000000000032e+03,
9.505900000000000318e+02,
9.695700000000000500e+02,
9.282200000000000273e+02,
9.143500000000000227e+02,
8.928300000000000409e+02,
8.690399999999999636e+02,
8.475199999999999818e+02,
8.948099999999999454e+02,
8.917000000000000455e+02,
8.809400000000000546e+02,
8.534700000000000273e+02,
1.010340000000000032e+03,
9.944900000000000091e+02,
9.279400000000000546e+02,
8.732899999999999636e+02,
8.911299999999999955e+02,
7.229299999999999500e+02,
6.982899999999999636e+02,
6.804500000000000455e+02,
6.861200000000000045e+02,
7.116000000000000227e+02,
7.294400000000000546e+02,
7.818300000000000409e+02,
7.900399999999999636e+02,
8.613999999999999773e+02,
8.206200000000000045e+02,
8.761200000000000045e+02,
8.730099999999999909e+02,
7.127300000000000182e+02,
7.552100000000000364e+02,
8.160900000000000318e+02,
8.192100000000000364e+02,
8.410099999999999909e+02,
8.557300000000000182e+02,
8.282699999999999818e+02,
8.376100000000000136e+02,
9.117999999999999545e+02,
8.707400000000000091e+02,
8.090099999999999909e+02,
7.503999999999999773e+02,
8.217500000000000000e+02,
7.823899999999999864e+02,
7.611599999999999682e+02,
7.668200000000000500e+02,
8.084400000000000546e+02,
9.358700000000000045e+02,
8.732899999999999636e+02,
8.795199999999999818e+02,
7.787100000000000364e+02,
7.518099999999999454e+02,
7.345399999999999636e+02,
6.926299999999999955e+02,
5.652000000000000455e+02,
5.550099999999999909e+02,
5.470800000000000409e+02,
5.405700000000000500e+02,
5.524600000000000364e+02,
5.858700000000000045e+02,
6.136299999999999955e+02,
6.209900000000000091e+02,
6.365599999999999454e+02,
5.366000000000000227e+02,
5.300900000000000318e+02,
5.300900000000000318e+02,
5.439700000000000273e+02,
5.322999999999999545e+02,
5.120199999999999818e+02,
5.255900000000000318e+02,
5.307100000000000364e+02,
5.140900000000000318e+02,
4.858299999999999841e+02,
5.195299999999999727e+02,
5.391000000000000227e+02,
5.357500000000000000e+02,
5.297200000000000273e+02,
5.328700000000000045e+02,
5.360399999999999636e+02,
1.665029999999999973e+03,
1.724490000000000009e+03,
1.747150000000000091e+03,
1.667859999999999900e+03,
1.500789999999999964e+03,
1.455480000000000018e+03,
1.432829999999999927e+03,
1.353539999999999964e+03,
1.319559999999999945e+03,
1.305400000000000091e+03,
1.302569999999999936e+03,
1.226119999999999891e+03,
1.248769999999999982e+03,
1.211960000000000036e+03,
1.172319999999999936e+03,
1.197799999999999955e+03,
1.160990000000000009e+03,
1.237440000000000055e+03,
1.226119999999999891e+03,
1.265759999999999991e+03,
1.311069999999999936e+03,
1.379029999999999973e+03,
1.478140000000000100e+03,
1.537599999999999909e+03,
1.523440000000000055e+03,
1.551759999999999991e+03,
1.500789999999999964e+03,
1.444160000000000082e+03,
1.390349999999999909e+03,
1.393190000000000055e+03,
1.444160000000000082e+03,
1.489460000000000036e+03,
1.480970000000000027e+03,
1.554589999999999918e+03,
1.616890000000000100e+03,
1.812279999999999973e+03,
1.871740000000000009e+03,
1.854750000000000000e+03,
1.781130000000000109e+03,
1.597069999999999936e+03,
1.469640000000000100e+03,
1.449819999999999936e+03,
1.432829999999999927e+03,
1.514950000000000045e+03,
1.622549999999999955e+03,
1.551759999999999991e+03,
1.769799999999999955e+03,
2.050139999999999873e+03,
1.945359999999999900e+03,
1.761299999999999955e+03,
1.792450000000000045e+03,
1.798119999999999891e+03,
1.820769999999999982e+03,
1.846259999999999991e+03,
1.880240000000000009e+03,
1.823599999999999909e+03,
1.778299999999999955e+03,
1.786789999999999964e+03,
1.849089999999999918e+03,
1.732990000000000009e+03,
1.707500000000000000e+03,
1.682019999999999982e+03,
1.769799999999999955e+03,
1.775460000000000036e+03,
1.837759999999999991e+03,
1.752809999999999945e+03,
1.514950000000000045e+03,
1.413009999999999991e+03,
1.446990000000000009e+03,
1.495130000000000109e+03,
1.478140000000000100e+03,
1.362039999999999964e+03,
1.308799999999999955e+03,
1.252740000000000009e+03,
1.134650000000000091e+03,
1.055079999999999927e+03,
1.014590000000000032e+03,
9.505900000000000318e+02,
9.695700000000000500e+02,
9.282200000000000273e+02,
9.143500000000000227e+02,
8.928300000000000409e+02,
8.690399999999999636e+02,
8.475199999999999818e+02,
8.948099999999999454e+02,
8.917000000000000455e+02,
8.809400000000000546e+02,
8.534700000000000273e+02,
1.010340000000000032e+03,
9.944900000000000091e+02,
9.279400000000000546e+02,
8.732899999999999636e+02,
8.911299999999999955e+02,
7.229299999999999500e+02,
6.982899999999999636e+02,
6.804500000000000455e+02,
6.861200000000000045e+02,
7.116000000000000227e+02,
7.294400000000000546e+02,
7.818300000000000409e+02,
7.900399999999999636e+02,
8.613999999999999773e+02,
8.206200000000000045e+02,
8.761200000000000045e+02,
8.730099999999999909e+02,
7.127300000000000182e+02,
7.552100000000000364e+02,
8.160900000000000318e+02,
8.192100000000000364e+02,
8.410099999999999909e+02,
8.557300000000000182e+02,
8.282699999999999818e+02,
8.376100000000000136e+02,
9.117999999999999545e+02,
8.707400000000000091e+02,
8.090099999999999909e+02,
7.503999999999999773e+02,
8.217500000000000000e+02,
7.823899999999999864e+02,
7.611599999999999682e+02,
7.668200000000000500e+02,
8.084400000000000546e+02,
9.358700000000000045e+02,
8.732899999999999636e+02,
8.795199999999999818e+02,
7.787100000000000364e+02,
7.518099999999999454e+02,
7.345399999999999636e+02,
6.926299999999999955e+02,
5.652000000000000455e+02,
5.550099999999999909e+02,
5.470800000000000409e+02,
5.405700000000000500e+02,
5.524600000000000364e+02,
5.858700000000000045e+02,
6.136299999999999955e+02,
6.209900000000000091e+02,
6.365599999999999454e+02,
5.366000000000000227e+02,
5.300900000000000318e+02,
5.300900000000000318e+02,
5.439700000000000273e+02,
5.322999999999999545e+02,
5.120199999999999818e+02,
5.255900000000000318e+02,
5.307100000000000364e+02,
5.140900000000000318e+02,
4.858299999999999841e+02,
5.195299999999999727e+02,
5.391000000000000227e+02,
5.357500000000000000e+02,
5.297200000000000273e+02,
5.328700000000000045e+02,
5.360399999999999636e+02,
1.665029999999999973e+03,
1.724490000000000009e+03,
1.747150000000000091e+03,
1.667859999999999900e+03,
1.500789999999999964e+03,
1.455480000000000018e+03,
1.432829999999999927e+03,
1.353539999999999964e+03,
1.319559999999999945e+03,
1.305400000000000091e+03,
1.302569999999999936e+03,
1.226119999999999891e+03,
1.248769999999999982e+03,
1.211960000000000036e+03,
1.172319999999999936e+03,
1.197799999999999955e+03,
1.160990000000000009e+03,
1.237440000000000055e+03,
1.226119999999999891e+03,
1.265759999999999991e+03,
1.311069999999999936e+03,
1.379029999999999973e+03,
1.478140000000000100e+03,
1.537599999999999909e+03,
1.523440000000000055e+03,
1.551759999999999991e+03,
1.500789999999999964e+03,
1.444160000000000082e+03,
1.390349999999999909e+03,
1.393190000000000055e+03,
1.444160000000000082e+03,
1.489460000000000036e+03,
1.480970000000000027e+03,
1.554589999999999918e+03,
1.616890000000000100e+03,
1.812279999999999973e+03,
1.871740000000000009e+03,
1.854750000000000000e+03,
1.781130000000000109e+03,
1.597069999999999936e+03,
1.469640000000000100e+03,
1.449819999999999936e+03,
1.432829999999999927e+03,
1.514950000000000045e+03,
1.622549999999999955e+03,
1.551759999999999991e+03,
1.769799999999999955e+03,
2.050139999999999873e+03,
1.945359999999999900e+03,
1.761299999999999955e+03,
1.792450000000000045e+03,
1.798119999999999891e+03,
1.820769999999999982e+03,
1.846259999999999991e+03,
1.880240000000000009e+03,
1.823599999999999909e+03,
1.778299999999999955e+03,
1.786789999999999964e+03,
1.849089999999999918e+03,
1.732990000000000009e+03,
1.707500000000000000e+03,
1.682019999999999982e+03,
1.769799999999999955e+03,
1.775460000000000036e+03,
1.837759999999999991e+03,
1.752809999999999945e+03,
1.514950000000000045e+03,
1.413009999999999991e+03,
1.446990000000000009e+03,
1.495130000000000109e+03,
1.478140000000000100e+03,
1.362039999999999964e+03,
1.308799999999999955e+03,
1.252740000000000009e+03,
1.134650000000000091e+03,
1.055079999999999927e+03,
1.014590000000000032e+03,
9.505900000000000318e+02,
9.695700000000000500e+02,
9.282200000000000273e+02,
9.143500000000000227e+02,
8.928300000000000409e+02,
8.690399999999999636e+02,
8.475199999999999818e+02,
8.948099999999999454e+02,
8.917000000000000455e+02,
8.809400000000000546e+02,
8.534700000000000273e+02,
1.010340000000000032e+03,
9.944900000000000091e+02,
9.279400000000000546e+02,
8.732899999999999636e+02,
8.911299999999999955e+02,
7.229299999999999500e+02,
6.982899999999999636e+02,
6.804500000000000455e+02,
6.861200000000000045e+02,
7.116000000000000227e+02,
7.294400000000000546e+02,
7.818300000000000409e+02,
7.900399999999999636e+02,
8.613999999999999773e+02,
8.206200000000000045e+02,
8.761200000000000045e+02,
8.730099999999999909e+02,
7.127300000000000182e+02,
7.552100000000000364e+02,
8.160900000000000318e+02,
8.192100000000000364e+02,
8.410099999999999909e+02,
8.557300000000000182e+02,
8.282699999999999818e+02,
8.376100000000000136e+02,
9.117999999999999545e+02,
8.707400000000000091e+02,
8.090099999999999909e+02,
7.503999999999999773e+02,
8.217500000000000000e+02,
7.823899999999999864e+02,
7.611599999999999682e+02,
7.668200000000000500e+02,
8.084400000000000546e+02,
9.358700000000000045e+02,
8.732899999999999636e+02,
8.795199999999999818e+02,
7.787100000000000364e+02,
7.518099999999999454e+02,
7.345399999999999636e+02,
6.926299999999999955e+02,
5.652000000000000455e+02,
5.550099999999999909e+02,
5.470800000000000409e+02,
5.405700000000000500e+02,
5.524600000000000364e+02,
5.858700000000000045e+02,
6.136299999999999955e+02,
6.209900000000000091e+02,
6.365599999999999454e+02,
5.366000000000000227e+02,
5.300900000000000318e+02,
5.300900000000000318e+02,
5.439700000000000273e+02,
5.322999999999999545e+02,
5.120199999999999818e+02,
5.255900000000000318e+02,
5.307100000000000364e+02,
5.140900000000000318e+02,
4.858299999999999841e+02,
5.195299999999999727e+02,
5.391000000000000227e+02,
5.357500000000000000e+02,
5.297200000000000273e+02,
5.328700000000000045e+02,
5.360399999999999636e+02,
1.665029999999999973e+03,
1.724490000000000009e+03,
1.747150000000000091e+03,
1.667859999999999900e+03,
1.500789999999999964e+03,
1.455480000000000018e+03,
1.432829999999999927e+03,
1.353539999999999964e+03,
1.319559999999999945e+03,
1.305400000000000091e+03,
1.302569999999999936e+03,
1.226119999999999891e+03,
1.248769999999999982e+03,
1.211960000000000036e+03,
1.172319999999999936e+03,
1.197799999999999955e+03,
1.160990000000000009e+03,
1.237440000000000055e+03,
1.226119999999999891e+03,
1.265759999999999991e+03,
1.311069999999999936e+03,
1.379029999999999973e+03,
1.478140000000000100e+03,
1.537599999999999909e+03,
1.523440000000000055e+03,
1.551759999999999991e+03,
1.500789999999999964e+03,
1.444160000000000082e+03,
1.390349999999999909e+03,
1.393190000000000055e+03,
1.444160000000000082e+03,
1.489460000000000036e+03,
1.480970000000000027e+03,
1.554589999999999918e+03,
1.616890000000000100e+03,
1.812279999999999973e+03,
1.871740000000000009e+03,
1.854750000000000000e+03,
1.781130000000000109e+03,
1.597069999999999936e+03,
1.469640000000000100e+03,
1.449819999999999936e+03,
1.432829999999999927e+03,
1.514950000000000045e+03,
1.622549999999999955e+03,
1.551759999999999991e+03,
1.769799999999999955e+03,
2.050139999999999873e+03,
1.945359999999999900e+03,
1.761299999999999955e+03,
1.792450000000000045e+03,
1.798119999999999891e+03,
1.820769999999999982e+03,
1.846259999999999991e+03,
1.880240000000000009e+03,
1.823599999999999909e+03,
1.778299999999999955e+03,
1.786789999999999964e+03,
1.849089999999999918e+03,
1.732990000000000009e+03,
1.707500000000000000e+03,
1.682019999999999982e+03,
1.769799999999999955e+03,
1.775460000000000036e+03,
1.837759999999999991e+03,
1.752809999999999945e+03,
1.514950000000000045e+03,
1.413009999999999991e+03,
1.446990000000000009e+03,
1.495130000000000109e+03,
1.478140000000000100e+03,
1.362039999999999964e+03,
1.308799999999999955e+03,
1.252740000000000009e+03,
1.134650000000000091e+03,
1.055079999999999927e+03,
1.014590000000000032e+03,
9.505900000000000318e+02,
9.695700000000000500e+02,
9.282200000000000273e+02,
9.143500000000000227e+02,
8.928300000000000409e+02,
8.690399999999999636e+02,
8.475199999999999818e+02,
8.948099999999999454e+02,
8.917000000000000455e+02,
8.809400000000000546e+02,
8.534700000000000273e+02,
1.010340000000000032e+03,
9.944900000000000091e+02,
9.279400000000000546e+02,
8.732899999999999636e+02,
8.911299999999999955e+02,
7.229299999999999500e+02,
6.982899999999999636e+02,
6.804500000000000455e+02,
6.861200000000000045e+02,
7.116000000000000227e+02,
7.294400000000000546e+02,
7.818300000000000409e+02,
7.900399999999999636e+02,
8.613999999999999773e+02,
8.206200000000000045e+02,
8.761200000000000045e+02,
8.730099999999999909e+02,
7.127300000000000182e+02,
7.552100000000000364e+02,
8.160900000000000318e+02,
8.192100000000000364e+02,
8.410099999999999909e+02,
8.557300000000000182e+02,
8.282699999999999818e+02,
8.376100000000000136e+02,
9.117999999999999545e+02,
8.707400000000000091e+02,
8.090099999999999909e+02,
7.503999999999999773e+02,
8.217500000000000000e+02,
7.823899999999999864e+02,
7.611599999999999682e+02,
7.668200000000000500e+02,
8.084400000000000546e+02,
9.358700000000000045e+02,
8.732899999999999636e+02,
8.795199999999999818e+02,
7.787100000000000364e+02,
7.518099999999999454e+02,
7.345399999999999636e+02,
6.926299999999999955e+02,
5.652000000000000455e+02,
5.550099999999999909e+02,
5.470800000000000409e+02,
5.405700000000000500e+02,
5.524600000000000364e+02,
5.858700000000000045e+02,
6.136299999999999955e+02,
6.209900000000000091e+02,
6.365599999999999454e+02,
5.366000000000000227e+02,
5.300900000000000318e+02,
5.300900000000000318e+02,
5.439700000000000273e+02,
5.322999999999999545e+02,
5.120199999999999818e+02,
5.255900000000000318e+02,
5.307100000000000364e+02,
5.140900000000000318e+02,
4.858299999999999841e+02,
5.195299999999999727e+02,
5.391000000000000227e+02,
5.357500000000000000e+02,
5.297200000000000273e+02,
5.328700000000000045e+02,
5.360399999999999636e+02,
1.665029999999999973e+03,
1.724490000000000009e+03,
1.747150000000000091e+03,
1.667859999999999900e+03,
1.500789999999999964e+03,
1.455480000000000018e+03,
1.432829999999999927e+03,
1.353539999999999964e+03,
1.319559999999999945e+03,
1.305400000000000091e+03,
1.302569999999999936e+03,
1.226119999999999891e+03,
1.248769999999999982e+03,
1.211960000000000036e+03,
1.172319999999999936e+03,
1.197799999999999955e+03,
1.160990000000000009e+03,
1.237440000000000055e+03,
1.226119999999999891e+03,
1.265759999999999991e+03,
1.311069999999999936e+03,
1.379029999999999973e+03,
1.478140000000000100e+03,
1.537599999999999909e+03,
1.523440000000000055e+03,
1.551759999999999991e+03,
1.500789999999999964e+03,
1.444160000000000082e+03,
1.390349999999999909e+03,
1.393190000000000055e+03,
1.444160000000000082e+03,
1.489460000000000036e+03,
1.480970000000000027e+03,
1.554589999999999918e+03,
1.616890000000000100e+03,
1.812279999999999973e+03,
1.871740000000000009e+03,
1.854750000000000000e+03,
1.781130000000000109e+03,
1.597069999999999936e+03,
1.469640000000000100e+03,
1.449819999999999936e+03,
1.432829999999999927e+03,
1.514950000000000045e+03,
1.622549999999999955e+03,
1.551759999999999991e+03,
1.769799999999999955e+03,
2.050139999999999873e+03,
1.945359999999999900e+03,
1.761299999999999955e+03,
1.792450000000000045e+03,
1.798119999999999891e+03,
1.820769999999999982e+03,
1.846259999999999991e+03,
1.880240000000000009e+03,
1.823599999999999909e+03,
1.778299999999999955e+03,
1.786789999999999964e+03,
1.849089999999999918e+03,
1.732990000000000009e+03,
1.707500000000000000e+03,
1.682019999999999982e+03,
1.769799999999999955e+03,
1.775460000000000036e+03,
1.837759999999999991e+03,
1.752809999999999945e+03,
1.514950000000000045e+03,
1.413009999999999991e+03,
1.446990000000000009e+03,
1.495130000000000109e+03,
1.478140000000000100e+03,
1.362039999999999964e+03,
1.308799999999999955e+03,
1.252740000000000009e+03,
1.134650000000000091e+03,
1.055079999999999927e+03,
1.014590000000000032e+03,
9.505900000000000318e+02,
9.695700000000000500e+02,
9.282200000000000273e+02,
9.143500000000000227e+02,
8.928300000000000409e+02,
8.690399999999999636e+02,
8.475199999999999818e+02,
8.948099999999999454e+02,
8.917000000000000455e+02,
8.809400000000000546e+02,
8.534700000000000273e+02,
1.010340000000000032e+03,
9.944900000000000091e+02,
9.279400000000000546e+02,
8.732899999999999636e+02,
8.911299999999999955e+02,
7.229299999999999500e+02,
6.982899999999999636e+02,
6.804500000000000455e+02,
6.861200000000000045e+02,
7.116000000000000227e+02,
7.294400000000000546e+02,
7.818300000000000409e+02,
7.900399999999999636e+02,
8.613999999999999773e+02,
8.206200000000000045e+02,
8.761200000000000045e+02,
8.730099999999999909e+02,
7.127300000000000182e+02,
7.552100000000000364e+02,
8.160900000000000318e+02,
8.192100000000000364e+02,
8.410099999999999909e+02,
8.557300000000000182e+02,
8.282699999999999818e+02,
8.376100000000000136e+02,
9.117999999999999545e+02,
8.707400000000000091e+02,
8.090099999999999909e+02,
7.503999999999999773e+02,
8.217500000000000000e+02,
7.823899999999999864e+02,
7.611599999999999682e+02,
7.668200000000000500e+02,
8.084400000000000546e+02,
9.358700000000000045e+02,
8.732899999999999636e+02,
8.795199999999999818e+02,
7.787100000000000364e+02,
7.518099999999999454e+02,
7.345399999999999636e+02,
6.926299999999999955e+02,
5.652000000000000455e+02,
5.550099999999999909e+02,
5.470800000000000409e+02,
5.405700000000000500e+02,
5.524600000000000364e+02,
5.858700000000000045e+02,
6.136299999999999955e+02,
6.209900000000000091e+02,
6.365599999999999454e+02,
5.366000000000000227e+02,
5.300900000000000318e+02,
5.300900000000000318e+02,
5.439700000000000273e+02,
5.322999999999999545e+02,
5.120199999999999818e+02,
5.255900000000000318e+02,
5.307100000000000364e+02,
5.140900000000000318e+02,
4.858299999999999841e+02,
5.195299999999999727e+02,
5.391000000000000227e+02,
5.357500000000000000e+02,
5.297200000000000273e+02,
5.328700000000000045e+02,
5.360399999999999636e+02,
1.665029999999999973e+03,
1.724490000000000009e+03,
1.747150000000000091e+03,
1.667859999999999900e+03,
1.500789999999999964e+03,
1.455480000000000018e+03,
1.432829999999999927e+03,
1.353539999999999964e+03,
1.319559999999999945e+03,
1.305400000000000091e+03,
1.302569999999999936e+03,
1.226119999999999891e+03,
1.248769999999999982e+03,
1.211960000000000036e+03,
1.172319999999999936e+03,
1.197799999999999955e+03,
1.160990000000000009e+03,
1.237440000000000055e+03,
1.226119999999999891e+03,
1.265759999999999991e+03,
1.311069999999999936e+03,
1.379029999999999973e+03,
1.478140000000000100e+03,
1.537599999999999909e+03,
1.523440000000000055e+03,
1.551759999999999991e+03,
1.500789999999999964e+03,
1.444160000000000082e+03,
1.390349999999999909e+03,
1.393190000000000055e+03,
1.444160000000000082e+03,
1.489460000000000036e+03,
1.480970000000000027e+03,
1.554589999999999918e+03,
1.616890000000000100e+03,
1.812279999999999973e+03,
1.871740000000000009e+03,
1.854750000000000000e+03,
1.781130000000000109e+03,
1.597069999999999936e+03,
1.469640000000000100e+03,
1.449819999999999936e+03,
1.432829999999999927e+03,
1.514950000000000045e+03,
1.622549999999999955e+03,
1.551759999999999991e+03,
1.769799999999999955e+03,
2.050139999999999873e+03,
1.945359999999999900e+03,
1.761299999999999955e+03,
1.792450000000000045e+03,
1.798119999999999891e+03,
1.820769999999999982e+03,
1.846259999999999991e+03,
1.880240000000000009e+03,
1.823599999999999909e+03,
1.778299999999999955e+03,
1.786789999999999964e+03,
1.849089999999999918e+03,
1.732990000000000009e+03,
1.707500000000000000e+03,
1.682019999999999982e+03,
1.769799999999999955e+03,
1.775460000000000036e+03,
1.837759999999999991e+03,
1.752809999999999945e+03,
1.514950000000000045e+03,
1.413009999999999991e+03,
1.446990000000000009e+03,
1.495130000000000109e+03,
1.478140000000000100e+03,
1.362039999999999964e+03,
1.308799999999999955e+03,
1.252740000000000009e+03,
1.134650000000000091e+03,
1.055079999999999927e+03,
1.014590000000000032e+03,
9.505900000000000318e+02,
9.695700000000000500e+02,
9.282200000000000273e+02,
9.143500000000000227e+02,
8.928300000000000409e+02,
8.690399999999999636e+02,
8.475199999999999818e+02,
8.948099999999999454e+02,
8.917000000000000455e+02,
8.809400000000000546e+02,
8.534700000000000273e+02,
1.010340000000000032e+03,
9.944900000000000091e+02,
9.279400000000000546e+02,
8.732899999999999636e+02,
8.911299999999999955e+02,
7.229299999999999500e+02,
6.982899999999999636e+02,
6.804500000000000455e+02,
6.861200000000000045e+02,
7.116000000000000227e+02,
7.294400000000000546e+02,
7.818300000000000409e+02,
7.900399999999999636e+02,
8.613999999999999773e+02,
8.206200000000000045e+02,
8.761200000000000045e+02,
8.730099999999999909e+02,
7.127300000000000182e+02,
7.552100000000000364e+02,
8.160900000000000318e+02,
8.192100000000000364e+02,
8.410099999999999909e+02,
8.557300000000000182e+02,
8.282699999999999818e+02,
8.376100000000000136e+02,
9.117999999999999545e+02,
8.707400000000000091e+02,
8.090099999999999909e+02,
7.503999999999999773e+02,
8.217500000000000000e+02,
7.823899999999999864e+02,
7.611599999999999682e+02,
7.668200000000000500e+02,
8.084400000000000546e+02,
9.358700000000000045e+02,
8.732899999999999636e+02,
8.795199999999999818e+02,
7.787100000000000364e+02,
7.518099999999999454e+02,
7.345399999999999636e+02,
6.926299999999999955e+02,
5.652000000000000455e+02,
5.550099999999999909e+02,
5.470800000000000409e+02,
5.405700000000000500e+02,
5.524600000000000364e+02,
5.858700000000000045e+02,
6.136299999999999955e+02,
6.209900000000000091e+02,
6.365599999999999454e+02,
5.366000000000000227e+02,
5.300900000000000318e+02,
5.300900000000000318e+02,
5.439700000000000273e+02,
5.322999999999999545e+02,
5.120199999999999818e+02,
5.255900000000000318e+02,
5.307100000000000364e+02,
5.140900000000000318e+02,
4.858299999999999841e+02,
5.195299999999999727e+02,
5.391000000000000227e+02,
5.357500000000000000e+02,
5.297200000000000273e+02,
5.328700000000000045e+02,
5.360399999999999636e+02,
1.665029999999999973e+03,
1.724490000000000009e+03,
1.747150000000000091e+03,
1.667859999999999900e+03,
1.500789999999999964e+03,
1.455480000000000018e+03,
1.432829999999999927e+03,
1.353539999999999964e+03,
1.319559999999999945e+03,
1.305400000000000091e+03,
1.302569999999999936e+03,
1.226119999999999891e+03,
1.248769999999999982e+03,
1.211960000000000036e+03,
1.172319999999999936e+03,
1.197799999999999955e+03,
1.160990000000000009e+03,
1.237440000000000055e+03,
1.226119999999999891e+03,
1.265759999999999991e+03,
1.311069999999999936e+03,
1.379029999999999973e+03,
1.478140000000000100e+03,
1.537599999999999909e+03,
1.523440000000000055e+03,
1.551759999999999991e+03,
1.500789999999999964e+03,
1.444160000000000082e+03,
1.390349999999999909e+03,
1.393190000000000055e+03,
1.444160000000000082e+03,
1.489460000000000036e+03,
1.480970000000000027e+03,
1.554589999999999918e+03,
1.616890000000000100e+03,
1.812279999999999973e+03,
1.871740000000000009e+03,
1.854750000000000000e+03,
1.781130000000000109e+03,
1.597069999999999936e+03,
1.469640000000000100e+03,
1.449819999999999936e+03,
1.432829999999999927e+03,
1.514950000000000045e+03,
1.622549999999999955e+03,
1.551759999999999991e+03,
1.769799999999999955e+03,
2.050139999999999873e+03,
1.945359999999999900e+03,
1.761299999999999955e+03,
1.792450000000000045e+03,
1.798119999999999891e+03,
1.820769999999999982e+03,
1.846259999999999991e+03,
1.880240000000000009e+03,
1.823599999999999909e+03,
1.778299999999999955e+03,
1.786789999999999964e+03,
1.849089999999999918e+03,
1.732990000000000009e+03,
1.707500000000000000e+03,
1.682019999999999982e+03,
1.769799999999999955e+03,
1.775460000000000036e+03,
1.837759999999999991e+03,
1.752809999999999945e+03,
1.514950000000000045e+03,
1.413009999999999991e+03,
1.446990000000000009e+03,
1.495130000000000109e+03,
1.478140000000000100e+03,
1.362039999999999964e+03,
1.308799999999999955e+03,
1.252740000000000009e+03,
1.134650000000000091e+03,
1.055079999999999927e+03,
1.014590000000000032e+03,
9.505900000000000318e+02,
9.695700000000000500e+02,
9.282200000000000273e+02,
9.143500000000000227e+02,
8.928300000000000409e+02,
8.690399999999999636e+02,
8.475199999999999818e+02,
8.948099999999999454e+02,
8.917000000000000455e+02,
8.809400000000000546e+02,
8.534700000000000273e+02,
1.010340000000000032e+03,
9.944900000000000091e+02,
9.279400000000000546e+02,
8.732899999999999636e+02,
8.911299999999999955e+02,
7.229299999999999500e+02,
6.982899999999999636e+02,
6.804500000000000455e+02,
6.861200000000000045e+02,
7.116000000000000227e+02,
7.294400000000000546e+02,
7.818300000000000409e+02,
7.900399999999999636e+02,
8.613999999999999773e+02,
8.206200000000000045e+02,
8.761200000000000045e+02,
8.730099999999999909e+02,
7.127300000000000182e+02,
7.552100000000000364e+02,
8.160900000000000318e+02,
8.192100000000000364e+02,
8.410099999999999909e+02,
8.557300000000000182e+02,
8.282699999999999818e+02,
8.376100000000000136e+02,
9.117999999999999545e+02,
8.707400000000000091e+02,
8.090099999999999909e+02,
7.503999999999999773e+02,
8.217500000000000000e+02,
7.823899999999999864e+02,
7.611599999999999682e+02,
7.668200000000000500e+02,
8.084400000000000546e+02,
9.358700000000000045e+02,
8.732899999999999636e+02,
8.795199999999999818e+02,
7.787100000000000364e+02,
7.518099999999999454e+02,
7.345399999999999636e+02,
6.926299999999999955e+02,
5.652000000000000455e+02,
5.550099999999999909e+02,
5.470800000000000409e+02,
5.405700000000000500e+02,
5.524600000000000364e+02,
5.858700000000000045e+02,
6.136299999999999955e+02,
6.209900000000000091e+02,
6.365599999999999454e+02,
5.366000000000000227e+02,
5.300900000000000318e+02,
5.300900000000000318e+02,
5.439700000000000273e+02,
5.322999999999999545e+02,
5.120199999999999818e+02,
5.255900000000000318e+02,
5.307100000000000364e+02,
5.140900000000000318e+02,
4.858299999999999841e+02,
5.195299999999999727e+02,
5.391000000000000227e+02,
5.357500000000000000e+02,
5.297200000000000273e+02,
5.328700000000000045e+02,
5.360399999999999636e+02,
1.665029999999999973e+03,
1.724490000000000009e+03,
1.747150000000000091e+03,
1.667859999999999900e+03,
1.500789999999999964e+03,
1.455480000000000018e+03,
1.432829999999999927e+03,
1.353539999999999964e+03,
1.319559999999999945e+03,
1.305400000000000091e+03,
1.302569999999999936e+03,
1.226119999999999891e+03,
1.248769999999999982e+03,
1.211960000000000036e+03,
1.172319999999999936e+03,
1.197799999999999955e+03,
1.160990000000000009e+03,
1.237440000000000055e+03,
1.226119999999999891e+03,
1.265759999999999991e+03,
1.311069999999999936e+03,
1.379029999999999973e+03,
1.478140000000000100e+03,
1.537599999999999909e+03,
1.523440000000000055e+03,
1.551759999999999991e+03,
1.500789999999999964e+03,
1.444160000000000082e+03,
1.390349999999999909e+03,
1.393190000000000055e+03,
1.444160000000000082e+03,
1.489460000000000036e+03,
1.480970000000000027e+03,
1.554589999999999918e+03,
1.616890000000000100e+03,
1.812279999999999973e+03,
1.871740000000000009e+03,
1.854750000000000000e+03,
1.781130000000000109e+03,
1.597069999999999936e+03,
1.469640000000000100e+03,
1.449819999999999936e+03,
1.432829999999999927e+03,
1.514950000000000045e+03,
1.622549999999999955e+03,
1.551759999999999991e+03,
1.769799999999999955e+03,
2.050139999999999873e+03,
1.945359999999999900e+03,
1.761299999999999955e+03,
1.792450000000000045e+03,
1.798119999999999891e+03,
1.820769999999999982e+03,
1.846259999999999991e+03,
1.880240000000000009e+03,
1.823599999999999909e+03,
1.778299999999999955e+03,
1.786789999999999964e+03,
1.849089999999999918e+03,
1.732990000000000009e+03,
1.707500000000000000e+03,
1.682019999999999982e+03,
1.769799999999999955e+03,
1.775460000000000036e+03,
1.837759999999999991e+03,
1.752809999999999945e+03,
1.514950000000000045e+03,
1.413009999999999991e+03,
1.446990000000000009e+03,
1.495130000000000109e+03,
1.478140000000000100e+03,
1.362039999999999964e+03,
1.308799999999999955e+03,
1.252740000000000009e+03,
1.134650000000000091e+03,
1.055079999999999927e+03,
1.014590000000000032e+03,
9.505900000000000318e+02,
9.695700000000000500e+02,
9.282200000000000273e+02,
9.143500000000000227e+02,
8.928300000000000409e+02,
8.690399999999999636e+02,
8.475199999999999818e+02,
8.948099999999999454e+02,
8.917000000000000455e+02,
8.809400000000000546e+02,
8.534700000000000273e+02,
1.010340000000000032e+03,
9.944900000000000091e+02,
9.279400000000000546e+02,
8.732899999999999636e+02,
8.911299999999999955e+02,
7.229299999999999500e+02,
6.982899999999999636e+02,
6.804500000000000455e+02,
6.861200000000000045e+02,
7.116000000000000227e+02,
7.294400000000000546e+02,
7.818300000000000409e+02,
7.900399999999999636e+02,
8.613999999999999773e+02,
8.206200000000000045e+02,
8.761200000000000045e+02,
8.730099999999999909e+02,
7.127300000000000182e+02,
7.552100000000000364e+02,
8.160900000000000318e+02,
8.192100000000000364e+02,
8.410099999999999909e+02,
8.557300000000000182e+02,
8.282699999999999818e+02,
8.376100000000000136e+02,
9.117999999999999545e+02,
8.707400000000000091e+02,
8.090099999999999909e+02,
7.503999999999999773e+02,
8.217500000000000000e+02,
7.823899999999999864e+02,
7.611599999999999682e+02,
7.668200000000000500e+02,
8.084400000000000546e+02,
9.358700000000000045e+02,
8.732899999999999636e+02,
8.795199999999999818e+02,
7.787100000000000364e+02,
7.518099999999999454e+02,
7.345399999999999636e+02,
6.926299999999999955e+02,
5.652000000000000455e+02,
5.550099999999999909e+02,
5.470800000000000409e+02,
5.405700000000000500e+02,
5.524600000000000364e+02,
5.858700000000000045e+02,
6.136299999999999955e+02,
6.209900000000000091e+02,
6.365599999999999454e+02,
5.366000000000000227e+02,
5.300900000000000318e+02,
5.300900000000000318e+02,
5.439700000000000273e+02,
5.322999999999999545e+02,
5.120199999999999818e+02,
5.255900000000000318e+02,
5.307100000000000364e+02,
5.140900000000000318e+02,
4.858299999999999841e+02,
5.195299999999999727e+02,
5.391000000000000227e+02,
5.357500000000000000e+02,
5.297200000000000273e+02,
5.328700000000000045e+02,
5.360399999999999636e+02,
1.665029999999999973e+03,
1.724490000000000009e+03,
1.747150000000000091e+03,
1.667859999999999900e+03,
1.500789999999999964e+03,
1.455480000000000018e+03,
1.432829999999999927e+03,
1.353539999999999964e+03,
1.319559999999999945e+03,
1.305400000000000091e+03,
1.302569999999999936e+03,
1.226119999999999891e+03,
1.248769999999999982e+03,
1.211960000000000036e+03,
1.172319999999999936e+03,
1.197799999999999955e+03,
1.160990000000000009e+03,
1.237440000000000055e+03,
1.226119999999999891e+03,
1.265759999999999991e+03,
1.311069999999999936e+03,
1.379029999999999973e+03,
1.478140000000000100e+03,
1.537599999999999909e+03,
1.523440000000000055e+03,
1.551759999999999991e+03,
1.500789999999999964e+03,
1.444160000000000082e+03,
1.390349999999999909e+03,
1.393190000000000055e+03,
1.444160000000000082e+03,
1.489460000000000036e+03,
1.480970000000000027e+03,
1.554589999999999918e+03,
1.616890000000000100e+03,
1.812279999999999973e+03,
1.871740000000000009e+03,
1.854750000000000000e+03,
1.781130000000000109e+03,
1.597069999999999936e+03,
1.469640000000000100e+03,
1.449819999999999936e+03,
1.432829999999999927e+03,
1.514950000000000045e+03,
1.622549999999999955e+03,
1.551759999999999991e+03,
1.769799999999999955e+03,
2.050139999999999873e+03,
1.945359999999999900e+03,
1.761299999999999955e+03,
1.792450000000000045e+03,
1.798119999999999891e+03,
1.820769999999999982e+03,
1.846259999999999991e+03,
1.880240000000000009e+03,
1.823599999999999909e+03,
1.778299999999999955e+03,
1.786789999999999964e+03,
1.849089999999999918e+03,
1.732990000000000009e+03,
1.707500000000000000e+03,
1.682019999999999982e+03,
1.769799999999999955e+03,
1.775460000000000036e+03,
1.837759999999999991e+03,
1.752809999999999945e+03,
1.514950000000000045e+03,
1.413009999999999991e+03,
1.446990000000000009e+03,
1.495130000000000109e+03,
1.478140000000000100e+03,
1.362039999999999964e+03,
1.308799999999999955e+03,
1.252740000000000009e+03,
1.134650000000000091e+03,
1.055079999999999927e+03,
1.014590000000000032e+03,
9.505900000000000318e+02,
9.695700000000000500e+02,
9.282200000000000273e+02,
9.143500000000000227e+02,
8.928300000000000409e+02,
8.690399999999999636e+02,
8.475199999999999818e+02,
8.948099999999999454e+02,
8.917000000000000455e+02,
8.809400000000000546e+02,
8.534700000000000273e+02,
1.010340000000000032e+03,
9.944900000000000091e+02,
9.279400000000000546e+02,
8.732899999999999636e+02,
8.911299999999999955e+02,
7.229299999999999500e+02,
6.982899999999999636e+02,
6.804500000000000455e+02,
6.861200000000000045e+02,
7.116000000000000227e+02,
7.294400000000000546e+02,
7.818300000000000409e+02,
7.900399999999999636e+02,
8.613999999999999773e+02,
8.206200000000000045e+02,
8.761200000000000045e+02,
8.730099999999999909e+02,
7.127300000000000182e+02,
7.552100000000000364e+02,
8.160900000000000318e+02,
8.192100000000000364e+02,
8.410099999999999909e+02,
8.557300000000000182e+02,
8.282699999999999818e+02,
8.376100000000000136e+02,
9.117999999999999545e+02,
8.707400000000000091e+02,
8.090099999999999909e+02,
7.503999999999999773e+02,
8.217500000000000000e+02,
7.823899999999999864e+02,
7.611599999999999682e+02,
7.668200000000000500e+02,
8.084400000000000546e+02,
9.358700000000000045e+02,
8.732899999999999636e+02,
8.795199999999999818e+02,
7.787100000000000364e+02,
7.518099999999999454e+02,
7.345399999999999636e+02,
6.926299999999999955e+02,
5.652000000000000455e+02,
5.550099999999999909e+02,
5.470800000000000409e+02,
5.405700000000000500e+02,
5.524600000000000364e+02,
5.858700000000000045e+02,
6.136299999999999955e+02,
6.209900000000000091e+02,
6.365599999999999454e+02,
5.366000000000000227e+02,
5.300900000000000318e+02,
5.300900000000000318e+02,
5.439700000000000273e+02,
5.322999999999999545e+02,
5.120199999999999818e+02,
5.255900000000000318e+02,
5.307100000000000364e+02,
5.140900000000000318e+02,
4.858299999999999841e+02,
5.195299999999999727e+02,
5.391000000000000227e+02,
5.357500000000000000e+02,
5.297200000000000273e+02,
5.328700000000000045e+02,
5.360399999999999636e+02,
1.665029999999999973e+03,
1.724490000000000009e+03,
1.747150000000000091e+03,
1.667859999999999900e+03,
1.500789999999999964e+03,
1.455480000000000018e+03,
1.432829999999999927e+03,
1.353539999999999964e+03,
1.319559999999999945e+03,
1.305400000000000091e+03,
1.302569999999999936e+03,
1.226119999999999891e+03,
1.248769999999999982e+03,
1.211960000000000036e+03,
1.172319999999999936e+03,
1.197799999999999955e+03,
1.160990000000000009e+03,
1.237440000000000055e+03,
1.226119999999999891e+03,
1.265759999999999991e+03,
1.311069999999999936e+03,
1.379029999999999973e+03,
1.478140000000000100e+03,
1.537599999999999909e+03,
1.523440000000000055e+03,
1.551759999999999991e+03,
1.500789999999999964e+03,
1.444160000000000082e+03,
1.390349999999999909e+03,
1.393190000000000055e+03,
1.444160000000000082e+03,
1.489460000000000036e+03,
1.480970000000000027e+03,
1.554589999999999918e+03,
1.616890000000000100e+03,
1.812279999999999973e+03,
1.871740000000000009e+03,
1.854750000000000000e+03,
1.781130000000000109e+03,
1.597069999999999936e+03,
1.469640000000000100e+03,
1.449819999999999936e+03,
1.432829999999999927e+03,
1.514950000000000045e+03,
1.622549999999999955e+03,
1.551759999999999991e+03,
1.769799999999999955e+03,
2.050139999999999873e+03,
1.945359999999999900e+03,
1.761299999999999955e+03,
1.792450000000000045e+03,
1.798119999999999891e+03,
1.820769999999999982e+03,
1.846259999999999991e+03,
1.880240000000000009e+03,
1.823599999999999909e+03,
1.778299999999999955e+03,
1.786789999999999964e+03,
1.849089999999999918e+03,
1.732990000000000009e+03,
1.707500000000000000e+03,
1.682019999999999982e+03,
1.769799999999999955e+03,
1.775460000000000036e+03,
1.837759999999999991e+03,
1.752809999999999945e+03,
1.514950000000000045e+03,
1.413009999999999991e+03,
1.446990000000000009e+03,
1.495130000000000109e+03,
1.478140000000000100e+03,
1.362039999999999964e+03,
1.308799999999999955e+03,
1.252740000000000009e+03,
1.134650000000000091e+03,
1.055079999999999927e+03,
1.014590000000000032e+03,
9.505900000000000318e+02,
9.695700000000000500e+02,
9.282200000000000273e+02,
9.143500000000000227e+02,
8.928300000000000409e+02,
8.690399999999999636e+02,
8.475199999999999818e+02,
8.948099999999999454e+02,
8.917000000000000455e+02,
8.809400000000000546e+02,
8.534700000000000273e+02,
1.010340000000000032e+03,
9.944900000000000091e+02,
9.279400000000000546e+02,
8.732899999999999636e+02,
8.911299999999999955e+02,
7.229299999999999500e+02,
6.982899999999999636e+02,
6.804500000000000455e+02,
6.861200000000000045e+02,
7.116000000000000227e+02,
7.294400000000000546e+02,
7.818300000000000409e+02,
7.900399999999999636e+02,
8.613999999999999773e+02,
8.206200000000000045e+02,
8.761200000000000045e+02,
8.730099999999999909e+02,
7.127300000000000182e+02,
7.552100000000000364e+02,
8.160900000000000318e+02,
8.192100000000000364e+02,
8.410099999999999909e+02,
8.557300000000000182e+02,
8.282699999999999818e+02,
8.376100000000000136e+02,
9.117999999999999545e+02,
8.707400000000000091e+02,
8.090099999999999909e+02,
7.503999999999999773e+02,
8.217500000000000000e+02,
7.823899999999999864e+02,
7.611599999999999682e+02,
7.668200000000000500e+02,
8.084400000000000546e+02,
9.358700000000000045e+02,
8.732899999999999636e+02,
8.795199999999999818e+02,
7.787100000000000364e+02,
7.518099999999999454e+02,
7.345399999999999636e+02,
6.926299999999999955e+02,
5.652000000000000455e+02,
5.550099999999999909e+02,
5.470800000000000409e+02,
5.405700000000000500e+02,
5.524600000000000364e+02,
5.858700000000000045e+02,
6.136299999999999955e+02,
6.209900000000000091e+02,
6.365599999999999454e+02,
5.366000000000000227e+02,
5.300900000000000318e+02,
5.300900000000000318e+02,
5.439700000000000273e+02,
5.322999999999999545e+02,
5.120199999999999818e+02,
5.255900000000000318e+02,
5.307100000000000364e+02,
5.140900000000000318e+02,
4.858299999999999841e+02,
5.195299999999999727e+02,
5.391000000000000227e+02,
5.357500000000000000e+02,
5.297200000000000273e+02,
5.328700000000000045e+02,
5.360399999999999636e+02,
1.665029999999999973e+03,
1.724490000000000009e+03,
1.747150000000000091e+03,
1.667859999999999900e+03,
1.500789999999999964e+03,
1.455480000000000018e+03,
1.432829999999999927e+03,
1.353539999999999964e+03,
1.319559999999999945e+03,
1.305400000000000091e+03,
1.302569999999999936e+03,
1.226119999999999891e+03,
1.248769999999999982e+03,
1.211960000000000036e+03,
1.172319999999999936e+03,
1.197799999999999955e+03,
1.160990000000000009e+03,
1.237440000000000055e+03,
1.226119999999999891e+03,
1.265759999999999991e+03,
1.311069999999999936e+03,
1.379029999999999973e+03,
1.478140000000000100e+03,
1.537599999999999909e+03,
1.523440000000000055e+03,
1.551759999999999991e+03,
1.500789999999999964e+03,
1.444160000000000082e+03,
1.390349999999999909e+03,
1.393190000000000055e+03,
1.444160000000000082e+03,
1.489460000000000036e+03,
1.480970000000000027e+03,
1.554589999999999918e+03,
1.616890000000000100e+03,
1.812279999999999973e+03,
1.871740000000000009e+03,
1.854750000000000000e+03,
1.781130000000000109e+03,
1.597069999999999936e+03,
1.469640000000000100e+03,
1.449819999999999936e+03,
1.432829999999999927e+03,
1.514950000000000045e+03,
1.622549999999999955e+03,
1.551759999999999991e+03,
1.769799999999999955e+03,
2.050139999999999873e+03,
1.945359999999999900e+03,
1.761299999999999955e+03,
1.792450000000000045e+03,
1.798119999999999891e+03,
1.820769999999999982e+03,
1.846259999999999991e+03,
1.880240000000000009e+03,
1.823599999999999909e+03,
1.778299999999999955e+03,
1.786789999999999964e+03,
1.849089999999999918e+03,
1.732990000000000009e+03,
1.707500000000000000e+03,
1.682019999999999982e+03,
1.769799999999999955e+03,
1.775460000000000036e+03,
1.837759999999999991e+03,
1.752809999999999945e+03,
1.514950000000000045e+03,
1.413009999999999991e+03,
1.446990000000000009e+03,
1.495130000000000109e+03,
1.478140000000000100e+03,
1.362039999999999964e+03,
1.308799999999999955e+03,
1.252740000000000009e+03,
1.134650000000000091e+03,
1.055079999999999927e+03,
1.014590000000000032e+03,
9.505900000000000318e+02,
9.695700000000000500e+02,
9.282200000000000273e+02,
9.143500000000000227e+02,
8.928300000000000409e+02,
8.690399999999999636e+02,
8.475199999999999818e+02,
8.948099999999999454e+02,
8.917000000000000455e+02,
8.809400000000000546e+02,
8.534700000000000273e+02,
1.010340000000000032e+03,
9.944900000000000091e+02,
9.279400000000000546e+02,
8.732899999999999636e+02,
8.911299999999999955e+02,
7.229299999999999500e+02,
6.982899999999999636e+02,
6.804500000000000455e+02,
6.861200000000000045e+02,
7.116000000000000227e+02,
7.294400000000000546e+02,
7.818300000000000409e+02,
7.900399999999999636e+02,
8.613999999999999773e+02,
8.206200000000000045e+02,
8.761200000000000045e+02,
8.730099999999999909e+02,
7.127300000000000182e+02,
7.552100000000000364e+02,
8.160900000000000318e+02,
8.192100000000000364e+02,
8.410099999999999909e+02,
8.557300000000000182e+02,
8.282699999999999818e+02,
8.376100000000000136e+02,
9.117999999999999545e+02,
8.707400000000000091e+02,
8.090099999999999909e+02,
7.503999999999999773e+02,
8.217500000000000000e+02,
7.823899999999999864e+02,
7.611599999999999682e+02,
7.668200000000000500e+02,
8.084400000000000546e+02,
9.358700000000000045e+02,
8.732899999999999636e+02,
8.795199999999999818e+02,
7.787100000000000364e+02,
7.518099999999999454e+02,
7.345399999999999636e+02,
6.926299999999999955e+02,
5.652000000000000455e+02,
5.550099999999999909e+02,
5.470800000000000409e+02,
5.405700000000000500e+02,
5.524600000000000364e+02,
5.858700000000000045e+02,
6.136299999999999955e+02,
6.209900000000000091e+02,
6.365599999999999454e+02,
5.366000000000000227e+02,
5.300900000000000318e+02,
5.300900000000000318e+02,
5.439700000000000273e+02,
5.322999999999999545e+02,
5.120199999999999818e+02,
5.255900000000000318e+02,
5.307100000000000364e+02,
5.140900000000000318e+02,
4.858299999999999841e+02,
5.195299999999999727e+02,
5.391000000000000227e+02,
5.357500000000000000e+02,
5.297200000000000273e+02,
5.328700000000000045e+02,
5.360399999999999636e+02,
1.665029999999999973e+03,
1.724490000000000009e+03,
1.747150000000000091e+03,
1.667859999999999900e+03,
1.500789999999999964e+03,
1.455480000000000018e+03,
1.432829999999999927e+03,
1.353539999999999964e+03,
1.319559999999999945e+03,
1.305400000000000091e+03,
1.302569999999999936e+03,
1.226119999999999891e+03,
1.248769999999999982e+03,
1.211960000000000036e+03,
1.172319999999999936e+03,
1.197799999999999955e+03,
1.160990000000000009e+03,
1.237440000000000055e+03,
1.226119999999999891e+03,
1.265759999999999991e+03,
1.311069999999999936e+03,
1.379029999999999973e+03,
1.478140000000000100e+03,
1.537599999999999909e+03,
1.523440000000000055e+03,
1.551759999999999991e+03,
1.500789999999999964e+03,
1.444160000000000082e+03,
1.390349999999999909e+03,
1.393190000000000055e+03,
1.444160000000000082e+03,
1.489460000000000036e+03,
1.480970000000000027e+03,
1.554589999999999918e+03,
1.616890000000000100e+03,
1.812279999999999973e+03,
1.871740000000000009e+03,
1.854750000000000000e+03,
1.781130000000000109e+03,
1.597069999999999936e+03,
1.469640000000000100e+03,
1.449819999999999936e+03,
1.432829999999999927e+03,
1.514950000000000045e+03,
1.622549999999999955e+03,
1.551759999999999991e+03,
1.769799999999999955e+03,
2.050139999999999873e+03,
1.945359999999999900e+03,
1.761299999999999955e+03,
1.792450000000000045e+03,
1.798119999999999891e+03,
1.820769999999999982e+03,
1.846259999999999991e+03,
1.880240000000000009e+03,
1.823599999999999909e+03,
1.778299999999999955e+03,
1.786789999999999964e+03,
1.849089999999999918e+03,
1.732990000000000009e+03,
1.707500000000000000e+03,
1.682019999999999982e+03,
1.769799999999999955e+03,
1.775460000000000036e+03,
1.837759999999999991e+03,
1.752809999999999945e+03,
1.514950000000000045e+03,
1.413009999999999991e+03,
1.446990000000000009e+03,
1.495130000000000109e+03,
1.478140000000000100e+03,
1.362039999999999964e+03,
1.308799999999999955e+03,
1.252740000000000009e+03,
1.134650000000000091e+03,
1.055079999999999927e+03,
1.014590000000000032e+03,
9.505900000000000318e+02,
9.695700000000000500e+02,
9.282200000000000273e+02,
9.143500000000000227e+02,
8.928300000000000409e+02,
8.690399999999999636e+02,
8.475199999999999818e+02,
8.948099999999999454e+02,
8.917000000000000455e+02,
8.809400000000000546e+02,
8.534700000000000273e+02,
1.010340000000000032e+03,
9.944900000000000091e+02,
9.279400000000000546e+02,
8.732899999999999636e+02,
8.911299999999999955e+02,
7.229299999999999500e+02,
6.982899999999999636e+02,
6.804500000000000455e+02,
6.861200000000000045e+02,
7.116000000000000227e+02,
7.294400000000000546e+02,
7.818300000000000409e+02,
7.900399999999999636e+02,
8.613999999999999773e+02,
8.206200000000000045e+02,
8.761200000000000045e+02,
8.730099999999999909e+02,
7.127300000000000182e+02,
7.552100000000000364e+02,
8.160900000000000318e+02,
8.192100000000000364e+02,
8.410099999999999909e+02,
8.557300000000000182e+02,
8.282699999999999818e+02,
8.376100000000000136e+02,
9.117999999999999545e+02,
8.707400000000000091e+02,
8.090099999999999909e+02,
7.503999999999999773e+02,
8.217500000000000000e+02,
7.823899999999999864e+02,
7.611599999999999682e+02,
7.668200000000000500e+02,
8.084400000000000546e+02,
9.358700000000000045e+02,
8.732899999999999636e+02,
8.795199999999999818e+02,
7.787100000000000364e+02,
7.518099999999999454e+02,
7.345399999999999636e+02,
6.926299999999999955e+02,
5.652000000000000455e+02,
5.550099999999999909e+02,
5.470800000000000409e+02,
5.405700000000000500e+02,
5.524600000000000364e+02,
5.858700000000000045e+02,
6.136299999999999955e+02,
6.209900000000000091e+02,
6.365599999999999454e+02,
5.366000000000000227e+02,
5.300900000000000318e+02,
5.300900000000000318e+02,
5.439700000000000273e+02,
5.322999999999999545e+02,
5.120199999999999818e+02,
5.255900000000000318e+02,
5.307100000000000364e+02,
5.140900000000000318e+02,
4.858299999999999841e+02,
5.195299999999999727e+02,
5.391000000000000227e+02,
5.357500000000000000e+02,
5.297200000000000273e+02,
5.328700000000000045e+02,
5.360399999999999636e+02,
1.665029999999999973e+03,
1.724490000000000009e+03,
1.747150000000000091e+03,
1.667859999999999900e+03,
1.500789999999999964e+03,
1.455480000000000018e+03,
1.432829999999999927e+03,
1.353539999999999964e+03,
1.319559999999999945e+03,
1.305400000000000091e+03,
1.302569999999999936e+03,
1.226119999999999891e+03,
1.248769999999999982e+03,
1.211960000000000036e+03,
1.172319999999999936e+03,
1.197799999999999955e+03,
1.160990000000000009e+03,
1.237440000000000055e+03,
1.226119999999999891e+03,
1.265759999999999991e+03,
1.311069999999999936e+03,
1.379029999999999973e+03,
1.478140000000000100e+03,
1.537599999999999909e+03,
1.523440000000000055e+03,
1.551759999999999991e+03,
1.500789999999999964e+03,
1.444160000000000082e+03,
1.390349999999999909e+03,
1.393190000000000055e+03,
1.444160000000000082e+03,
1.489460000000000036e+03,
1.480970000000000027e+03,
1.554589999999999918e+03,
1.616890000000000100e+03,
1.812279999999999973e+03,
1.871740000000000009e+03,
1.854750000000000000e+03,
1.781130000000000109e+03,
1.597069999999999936e+03,
1.469640000000000100e+03,
1.449819999999999936e+03,
1.432829999999999927e+03,
1.514950000000000045e+03,
1.622549999999999955e+03,
1.551759999999999991e+03,
1.769799999999999955e+03,
2.050139999999999873e+03,
1.945359999999999900e+03,
1.761299999999999955e+03,
1.792450000000000045e+03,
1.798119999999999891e+03,
1.820769999999999982e+03,
1.846259999999999991e+03,
1.880240000000000009e+03,
1.823599999999999909e+03,
1.778299999999999955e+03,
1.786789999999999964e+03,
1.849089999999999918e+03,
1.732990000000000009e+03,
1.707500000000000000e+03,
1.682019999999999982e+03,
1.769799999999999955e+03,
1.775460000000000036e+03,
1.837759999999999991e+03,
1.752809999999999945e+03,
1.514950000000000045e+03,
1.413009999999999991e+03,
1.446990000000000009e+03,
1.495130000000000109e+03,
1.478140000000000100e+03,
1.362039999999999964e+03,
1.308799999999999955e+03,
1.252740000000000009e+03,
1.134650000000000091e+03,
1.055079999999999927e+03,
1.014590000000000032e+03,
9.505900000000000318e+02,
9.695700000000000500e+02,
9.282200000000000273e+02,
9.143500000000000227e+02,
8.928300000000000409e+02,
8.690399999999999636e+02,
8.475199999999999818e+02,
8.948099999999999454e+02,
8.917000000000000455e+02,
8.809400000000000546e+02,
8.534700000000000273e+02,
1.010340000000000032e+03,
9.944900000000000091e+02,
9.279400000000000546e+02,
8.732899999999999636e+02,
8.911299999999999955e+02,
7.229299999999999500e+02,
6.982899999999999636e+02,
6.804500000000000455e+02,
6.861200000000000045e+02,
7.116000000000000227e+02,
7.294400000000000546e+02,
7.818300000000000409e+02,
7.900399999999999636e+02,
8.613999999999999773e+02,
8.206200000000000045e+02,
8.761200000000000045e+02,
8.730099999999999909e+02,
7.127300000000000182e+02,
7.552100000000000364e+02,
8.160900000000000318e+02,
8.192100000000000364e+02,
8.410099999999999909e+02,
8.557300000000000182e+02,
8.282699999999999818e+02,
8.376100000000000136e+02,
9.117999999999999545e+02,
8.707400000000000091e+02,
8.090099999999999909e+02,
7.503999999999999773e+02,
8.217500000000000000e+02,
7.823899999999999864e+02,
7.611599999999999682e+02,
7.668200000000000500e+02,
8.084400000000000546e+02,
9.358700000000000045e+02,
8.732899999999999636e+02,
8.795199999999999818e+02,
7.787100000000000364e+02,
7.518099999999999454e+02,
7.345399999999999636e+02,
6.926299999999999955e+02,
5.652000000000000455e+02,
5.550099999999999909e+02,
5.470800000000000409e+02,
5.405700000000000500e+02,
5.524600000000000364e+02,
5.858700000000000045e+02,
6.136299999999999955e+02,
6.209900000000000091e+02,
6.365599999999999454e+02,
5.366000000000000227e+02,
5.300900000000000318e+02,
5.300900000000000318e+02,
5.439700000000000273e+02,
5.322999999999999545e+02,
5.120199999999999818e+02,
5.255900000000000318e+02,
5.307100000000000364e+02,
5.140900000000000318e+02,
4.858299999999999841e+02,
5.195299999999999727e+02,
5.391000000000000227e+02,
5.357500000000000000e+02,
5.297200000000000273e+02,
5.328700000000000045e+02,
5.360399999999999636e+02,
1.665029999999999973e+03,
1.724490000000000009e+03,
1.747150000000000091e+03,
1.667859999999999900e+03,
1.500789999999999964e+03,
1.455480000000000018e+03,
1.432829999999999927e+03,
1.353539999999999964e+03,
1.319559999999999945e+03,
1.305400000000000091e+03,
1.302569999999999936e+03,
1.226119999999999891e+03,
1.248769999999999982e+03,
1.211960000000000036e+03,
1.172319999999999936e+03,
1.197799999999999955e+03,
1.160990000000000009e+03,
1.237440000000000055e+03,
1.226119999999999891e+03,
1.265759999999999991e+03,
1.311069999999999936e+03,
1.379029999999999973e+03,
1.478140000000000100e+03,
1.537599999999999909e+03,
1.523440000000000055e+03,
1.551759999999999991e+03,
1.500789999999999964e+03,
1.444160000000000082e+03,
1.390349999999999909e+03,
1.393190000000000055e+03,
1.444160000000000082e+03,
1.489460000000000036e+03,
1.480970000000000027e+03,
1.554589999999999918e+03,
1.616890000000000100e+03,
1.812279999999999973e+03,
1.871740000000000009e+03,
1.854750000000000000e+03,
1.781130000000000109e+03,
1.597069999999999936e+03,
1.469640000000000100e+03,
1.449819999999999936e+03,
1.432829999999999927e+03,
1.514950000000000045e+03,
1.622549999999999955e+03,
1.551759999999999991e+03,
1.769799999999999955e+03,
2.050139999999999873e+03,
1.945359999999999900e+03,
1.761299999999999955e+03,
1.792450000000000045e+03,
1.798119999999999891e+03,
1.820769999999999982e+03,
1.846259999999999991e+03,
1.880240000000000009e+03,
1.823599999999999909e+03,
1.778299999999999955e+03,
1.786789999999999964e+03,
1.849089999999999918e+03,
1.732990000000000009e+03,
1.707500000000000000e+03,
1.682019999999999982e+03,
1.769799999999999955e+03,
1.775460000000000036e+03,
1.837759999999999991e+03,
1.752809999999999945e+03,
1.514950000000000045e+03,
1.413009999999999991e+03,
1.446990000000000009e+03,
1.495130000000000109e+03,
1.478140000000000100e+03,
1.362039999999999964e+03,
1.308799999999999955e+03,
1.252740000000000009e+03,
1.134650000000000091e+03,
1.055079999999999927e+03,
1.014590000000000032e+03,
9.505900000000000318e+02,
9.695700000000000500e+02,
9.282200000000000273e+02,
9.143500000000000227e+02,
8.928300000000000409e+02,
8.690399999999999636e+02,
8.475199999999999818e+02,
8.948099999999999454e+02,
8.917000000000000455e+02,
8.809400000000000546e+02,
8.534700000000000273e+02,
1.010340000000000032e+03,
9.944900000000000091e+02,
9.279400000000000546e+02,
8.732899999999999636e+02,
8.911299999999999955e+02,
7.229299999999999500e+02,
6.982899999999999636e+02,
6.804500000000000455e+02,
6.861200000000000045e+02,
7.116000000000000227e+02,
7.294400000000000546e+02,
7.818300000000000409e+02,
7.900399999999999636e+02,
8.613999999999999773e+02,
8.206200000000000045e+02,
8.761200000000000045e+02,
8.730099999999999909e+02,
7.127300000000000182e+02,
7.552100000000000364e+02,
8.160900000000000318e+02,
8.192100000000000364e+02,
8.410099999999999909e+02,
8.557300000000000182e+02,
8.282699999999999818e+02,
8.376100000000000136e+02,
9.117999999999999545e+02,
8.707400000000000091e+02,
8.090099999999999909e+02,
7.503999999999999773e+02,
8.217500000000000000e+02,
7.823899999999999864e+02,
7.611599999999999682e+02,
7.668200000000000500e+02,
8.084400000000000546e+02,
9.358700000000000045e+02,
8.732899999999999636e+02,
8.795199999999999818e+02,
7.787100000000000364e+02,
7.518099999999999454e+02,
7.345399999999999636e+02,
6.926299999999999955e+02,
5.652000000000000455e+02,
5.550099999999999909e+02,
5.470800000000000409e+02,
5.405700000000000500e+02,
5.524600000000000364e+02,
5.858700000000000045e+02,
6.136299999999999955e+02,
6.209900000000000091e+02,
6.365599999999999454e+02,
5.366000000000000227e+02,
5.300900000000000318e+02,
5.300900000000000318e+02,
5.439700000000000273e+02,
5.322999999999999545e+02,
5.120199999999999818e+02,
5.255900000000000318e+02,
5.307100000000000364e+02,
5.140900000000000318e+02,
4.858299999999999841e+02,
5.195299999999999727e+02,
5.391000000000000227e+02,
5.357500000000000000e+02,
5.297200000000000273e+02,
5.328700000000000045e+02,
5.360399999999999636e+02,
1.665029999999999973e+03,
1.724490000000000009e+03,
1.747150000000000091e+03,
1.667859999999999900e+03,
1.500789999999999964e+03,
1.455480000000000018e+03,
1.432829999999999927e+03,
1.353539999999999964e+03,
1.319559999999999945e+03,
1.305400000000000091e+03,
1.302569999999999936e+03,
1.226119999999999891e+03,
1.248769999999999982e+03,
1.211960000000000036e+03,
1.172319999999999936e+03,
1.197799999999999955e+03,
1.160990000000000009e+03,
1.237440000000000055e+03,
1.226119999999999891e+03,
1.265759999999999991e+03,
1.311069999999999936e+03,
1.379029999999999973e+03,
1.478140000000000100e+03,
1.537599999999999909e+03,
1.523440000000000055e+03,
1.551759999999999991e+03,
1.500789999999999964e+03,
1.444160000000000082e+03,
1.390349999999999909e+03,
1.393190000000000055e+03,
1.444160000000000082e+03,
1.489460000000000036e+03,
1.480970000000000027e+03,
1.554589999999999918e+03,
1.616890000000000100e+03,
1.812279999999999973e+03,
1.871740000000000009e+03,
1.854750000000000000e+03,
1.781130000000000109e+03,
1.597069999999999936e+03,
1.469640000000000100e+03,
1.449819999999999936e+03,
1.432829999999999927e+03,
1.514950000000000045e+03,
1.622549999999999955e+03,
1.551759999999999991e+03,
1.769799999999999955e+03,
2.050139999999999873e+03,
1.945359999999999900e+03,
1.761299999999999955e+03,
1.792450000000000045e+03,
1.798119999999999891e+03,
1.820769999999999982e+03,
1.846259999999999991e+03,
1.880240000000000009e+03,
1.823599999999999909e+03,
1.778299999999999955e+03,
1.786789999999999964e+03,
1.849089999999999918e+03,
1.732990000000000009e+03,
1.707500000000000000e+03,
1.682019999999999982e+03,
1.769799999999999955e+03,
1.775460000000000036e+03,
1.837759999999999991e+03,
1.752809999999999945e+03,
1.514950000000000045e+03,
1.413009999999999991e+03,
1.446990000000000009e+03,
1.495130000000000109e+03,
1.478140000000000100e+03,
1.362039999999999964e+03,
1.308799999999999955e+03,
1.252740000000000009e+03,
1.134650000000000091e+03,
1.055079999999999927e+03,
1.014590000000000032e+03,
9.505900000000000318e+02,
9.695700000000000500e+02,
9.282200000000000273e+02,
9.143500000000000227e+02,
8.928300000000000409e+02,
8.690399999999999636e+02,
8.475199999999999818e+02,
8.948099999999999454e+02,
8.917000000000000455e+02,
8.809400000000000546e+02,
8.534700000000000273e+02,
1.010340000000000032e+03,
9.944900000000000091e+02,
9.279400000000000546e+02,
8.732899999999999636e+02,
8.911299999999999955e+02,
7.229299999999999500e+02,
6.982899999999999636e+02,
6.804500000000000455e+02,
6.861200000000000045e+02,
7.116000000000000227e+02,
7.294400000000000546e+02,
7.818300000000000409e+02,
7.900399999999999636e+02,
8.613999999999999773e+02,
8.206200000000000045e+02,
8.761200000000000045e+02,
8.730099999999999909e+02,
7.127300000000000182e+02,
7.552100000000000364e+02,
8.160900000000000318e+02,
8.192100000000000364e+02,
8.410099999999999909e+02,
8.557300000000000182e+02,
8.282699999999999818e+02,
8.376100000000000136e+02,
9.117999999999999545e+02,
8.707400000000000091e+02,
8.090099999999999909e+02,
7.503999999999999773e+02,
8.217500000000000000e+02,
7.823899999999999864e+02,
7.611599999999999682e+02,
7.668200000000000500e+02,
8.084400000000000546e+02,
9.358700000000000045e+02,
8.732899999999999636e+02,
8.795199999999999818e+02,
7.787100000000000364e+02,
7.518099999999999454e+02,
7.345399999999999636e+02,
6.926299999999999955e+02,
5.652000000000000455e+02,
5.550099999999999909e+02,
5.470800000000000409e+02,
5.405700000000000500e+02,
5.524600000000000364e+02,
5.858700000000000045e+02,
6.136299999999999955e+02,
6.209900000000000091e+02,
6.365599999999999454e+02,
5.366000000000000227e+02,
5.300900000000000318e+02,
5.300900000000000318e+02,
5.439700000000000273e+02,
5.322999999999999545e+02,
5.120199999999999818e+02,
5.255900000000000318e+02,
5.307100000000000364e+02,
5.140900000000000318e+02,
4.858299999999999841e+02,
5.195299999999999727e+02,
5.391000000000000227e+02,
5.357500000000000000e+02,
5.297200000000000273e+02,
5.328700000000000045e+02,
5.360399999999999636e+02,
1.665029999999999973e+03,
1.724490000000000009e+03,
1.747150000000000091e+03,
1.667859999999999900e+03,
1.500789999999999964e+03,
1.455480000000000018e+03,
1.432829999999999927e+03,
1.353539999999999964e+03,
1.319559999999999945e+03,
1.305400000000000091e+03,
1.302569999999999936e+03,
1.226119999999999891e+03,
1.248769999999999982e+03,
1.211960000000000036e+03,
1.172319999999999936e+03,
1.197799999999999955e+03,
1.160990000000000009e+03,
1.237440000000000055e+03,
1.226119999999999891e+03,
1.265759999999999991e+03,
1.311069999999999936e+03,
1.379029999999999973e+03,
1.478140000000000100e+03,
1.537599999999999909e+03,
1.523440000000000055e+03,
1.551759999999999991e+03,
1.500789999999999964e+03,
1.444160000000000082e+03,
1.390349999999999909e+03,
1.393190000000000055e+03,
1.444160000000000082e+03,
1.489460000000000036e+03,
1.480970000000000027e+03,
1.554589999999999918e+03,
1.616890000000000100e+03,
1.812279999999999973e+03,
1.871740000000000009e+03,
1.854750000000000000e+03,
1.781130000000000109e+03,
1.597069999999999936e+03,
1.469640000000000100e+03,
1.449819999999999936e+03,
1.432829999999999927e+03,
1.514950000000000045e+03,
1.622549999999999955e+03,
1.551759999999999991e+03,
1.769799999999999955e+03,
2.050139999999999873e+03,
1.945359999999999900e+03,
1.761299999999999955e+03,
1.792450000000000045e+03,
1.798119999999999891e+03,
1.820769999999999982e+03,
1.846259999999999991e+03,
1.880240000000000009e+03,
1.823599999999999909e+03,
1.778299999999999955e+03,
1.786789999999999964e+03,
1.849089999999999918e+03,
1.732990000000000009e+03,
1.707500000000000000e+03,
1.682019999999999982e+03,
1.769799999999999955e+03,
1.775460000000000036e+03,
1.837759999999999991e+03,
1.752809999999999945e+03,
1.514950000000000045e+03,
1.413009999999999991e+03,
1.446990000000000009e+03,
1.495130000000000109e+03,
1.478140000000000100e+03,
1.362039999999999964e+03,
1.308799999999999955e+03,
1.252740000000000009e+03,
1.134650000000000091e+03,
1.055079999999999927e+03,
1.014590000000000032e+03,
9.505900000000000318e+02,
9.695700000000000500e+02,
9.282200000000000273e+02,
9.143500000000000227e+02,
8.928300000000000409e+02,
8.690399999999999636e+02,
8.475199999999999818e+02,
8.948099999999999454e+02,
8.917000000000000455e+02,
8.809400000000000546e+02,
8.534700000000000273e+02,
1.010340000000000032e+03,
9.944900000000000091e+02,
9.279400000000000546e+02,
8.732899999999999636e+02,
8.911299999999999955e+02,
7.229299999999999500e+02,
6.982899999999999636e+02,
6.804500000000000455e+02,
6.861200000000000045e+02,
7.116000000000000227e+02,
7.294400000000000546e+02,
7.818300000000000409e+02,
7.900399999999999636e+02,
8.613999999999999773e+02,
8.206200000000000045e+02,
8.761200000000000045e+02,
8.730099999999999909e+02,
7.127300000000000182e+02,
7.552100000000000364e+02,
8.160900000000000318e+02,
8.192100000000000364e+02,
8.410099999999999909e+02,
8.557300000000000182e+02,
8.282699999999999818e+02,
8.376100000000000136e+02,
9.117999999999999545e+02,
8.707400000000000091e+02,
8.090099999999999909e+02,
7.503999999999999773e+02,
8.217500000000000000e+02,
7.823899999999999864e+02,
7.611599999999999682e+02,
7.668200000000000500e+02,
8.084400000000000546e+02,
9.358700000000000045e+02,
8.732899999999999636e+02,
8.795199999999999818e+02,
7.787100000000000364e+02,
7.518099999999999454e+02,
7.345399999999999636e+02,
6.926299999999999955e+02,
5.652000000000000455e+02,
5.550099999999999909e+02,
5.470800000000000409e+02,
5.405700000000000500e+02,
5.524600000000000364e+02,
5.858700000000000045e+02,
6.136299999999999955e+02,
6.209900000000000091e+02,
6.365599999999999454e+02,
5.366000000000000227e+02,
5.300900000000000318e+02,
5.300900000000000318e+02,
5.439700000000000273e+02,
5.322999999999999545e+02,
5.120199999999999818e+02,
5.255900000000000318e+02,
5.307100000000000364e+02,
5.140900000000000318e+02,
4.858299999999999841e+02,
5.195299999999999727e+02,
5.391000000000000227e+02,
5.357500000000000000e+02,
5.297200000000000273e+02,
5.328700000000000045e+02,
5.360399999999999636e+02,
1.665029999999999973e+03,
1.724490000000000009e+03,
1.747150000000000091e+03,
1.667859999999999900e+03,
1.500789999999999964e+03,
1.455480000000000018e+03,
1.432829999999999927e+03,
1.353539999999999964e+03,
1.319559999999999945e+03,
1.305400000000000091e+03,
1.302569999999999936e+03,
1.226119999999999891e+03,
1.248769999999999982e+03,
1.211960000000000036e+03,
1.172319999999999936e+03,
1.197799999999999955e+03,
1.160990000000000009e+03,
1.237440000000000055e+03,
1.226119999999999891e+03,
1.265759999999999991e+03,
1.311069999999999936e+03,
1.379029999999999973e+03,
1.478140000000000100e+03,
1.537599999999999909e+03,
1.523440000000000055e+03,
1.551759999999999991e+03,
1.500789999999999964e+03,
1.444160000000000082e+03,
1.390349999999999909e+03,
1.393190000000000055e+03,
1.444160000000000082e+03,
1.489460000000000036e+03,
1.480970000000000027e+03,
1.554589999999999918e+03,
1.616890000000000100e+03,
1.812279999999999973e+03,
1.871740000000000009e+03,
1.854750000000000000e+03,
1.781130000000000109e+03,
1.597069999999999936e+03,
1.469640000000000100e+03,
1.449819999999999936e+03,
1.432829999999999927e+03,
1.514950000000000045e+03,
1.622549999999999955e+03,
1.551759999999999991e+03,
1.769799999999999955e+03,
2.050139999999999873e+03,
1.945359999999999900e+03,
1.761299999999999955e+03,
1.792450000000000045e+03,
1.798119999999999891e+03,
1.820769999999999982e+03,
1.846259999999999991e+03,
1.880240000000000009e+03,
1.823599999999999909e+03,
1.778299999999999955e+03,
1.786789999999999964e+03,
1.849089999999999918e+03,
1.732990000000000009e+03,
1.707500000000000000e+03,
1.682019999999999982e+03,
1.769799999999999955e+03,
1.775460000000000036e+03,
1.837759999999999991e+03,
1.752809999999999945e+03,
1.514950000000000045e+03,
1.413009999999999991e+03,
1.446990000000000009e+03,
1.495130000000000109e+03,
1.478140000000000100e+03,
1.362039999999999964e+03,
1.308799999999999955e+03,
1.252740000000000009e+03,
1.134650000000000091e+03,
1.055079999999999927e+03,
1.014590000000000032e+03,
9.505900000000000318e+02,
9.695700000000000500e+02,
9.282200000000000273e+02,
9.143500000000000227e+02,
8.928300000000000409e+02,
8.690399999999999636e+02,
8.475199999999999818e+02,
8.948099999999999454e+02,
8.917000000000000455e+02,
8.809400000000000546e+02,
8.534700000000000273e+02,
1.010340000000000032e+03,
9.944900000000000091e+02,
9.279400000000000546e+02,
8.732899999999999636e+02,
8.911299999999999955e+02,
7.229299999999999500e+02,
6.982899999999999636e+02,
6.804500000000000455e+02,
6.861200000000000045e+02,
7.116000000000000227e+02,
7.294400000000000546e+02,
7.818300000000000409e+02,
7.900399999999999636e+02,
8.613999999999999773e+02,
8.206200000000000045e+02,
8.761200000000000045e+02,
8.730099999999999909e+02,
7.127300000000000182e+02,
7.552100000000000364e+02,
8.160900000000000318e+02,
8.192100000000000364e+02,
8.410099999999999909e+02,
8.557300000000000182e+02,
8.282699999999999818e+02,
8.376100000000000136e+02,
9.117999999999999545e+02,
8.707400000000000091e+02,
8.090099999999999909e+02,
7.503999999999999773e+02,
8.217500000000000000e+02,
7.823899999999999864e+02,
7.611599999999999682e+02,
7.668200000000000500e+02,
8.084400000000000546e+02,
9.358700000000000045e+02,
8.732899999999999636e+02,
8.795199999999999818e+02,
7.787100000000000364e+02,
7.518099999999999454e+02,
7.345399999999999636e+02,
6.926299999999999955e+02,
5.652000000000000455e+02,
5.550099999999999909e+02,
5.470800000000000409e+02,
5.405700000000000500e+02,
5.524600000000000364e+02,
5.858700000000000045e+02,
6.136299999999999955e+02,
6.209900000000000091e+02,
6.365599999999999454e+02,
5.366000000000000227e+02,
5.300900000000000318e+02,
5.300900000000000318e+02,
5.439700000000000273e+02,
5.322999999999999545e+02,
5.120199999999999818e+02,
5.255900000000000318e+02,
5.307100000000000364e+02,
5.140900000000000318e+02,
4.858299999999999841e+02,
5.195299999999999727e+02,
5.391000000000000227e+02,
5.357500000000000000e+02,
5.297200000000000273e+02,
5.328700000000000045e+02,
5.360399999999999636e+02,
1.665029999999999973e+03,
1.724490000000000009e+03,
1.747150000000000091e+03,
1.667859999999999900e+03,
1.500789999999999964e+03,
1.455480000000000018e+03,
1.432829999999999927e+03,
1.353539999999999964e+03,
1.319559999999999945e+03,
1.305400000000000091e+03,
1.302569999999999936e+03,
1.226119999999999891e+03,
1.248769999999999982e+03,
1.211960000000000036e+03,
1.172319999999999936e+03,
1.197799999999999955e+03,
1.160990000000000009e+03,
1.237440000000000055e+03,
1.226119999999999891e+03,
1.265759999999999991e+03,
1.311069999999999936e+03,
1.379029999999999973e+03,
1.478140000000000100e+03,
1.537599999999999909e+03,
1.523440000000000055e+03,
1.551759999999999991e+03,
1.500789999999999964e+03,
1.444160000000000082e+03,
1.390349999999999909e+03,
1.393190000000000055e+03,
1.444160000000000082e+03,
1.489460000000000036e+03,
1.480970000000000027e+03,
1.554589999999999918e+03,
1.616890000000000100e+03,
1.812279999999999973e+03,
1.871740000000000009e+03,
1.854750000000000000e+03,
1.781130000000000109e+03,
1.597069999999999936e+03,
1.469640000000000100e+03,
1.449819999999999936e+03,
1.432829999999999927e+03,
1.514950000000000045e+03,
1.622549999999999955e+03,
1.551759999999999991e+03,
1.769799999999999955e+03,
2.050139999999999873e+03,
1.945359999999999900e+03,
1.761299999999999955e+03,
1.792450000000000045e+03,
1.798119999999999891e+03,
1.820769999999999982e+03,
1.846259999999999991e+03,
1.880240000000000009e+03,
1.823599999999999909e+03,
1.778299999999999955e+03,
1.786789999999999964e+03,
1.849089999999999918e+03,
1.732990000000000009e+03,
1.707500000000000000e+03,
1.682019999999999982e+03,
1.769799999999999955e+03,
1.775460000000000036e+03,
1.837759999999999991e+03,
1.752809999999999945e+03,
1.514950000000000045e+03,
1.413009999999999991e+03,
1.446990000000000009e+03,
1.495130000000000109e+03,
1.478140000000000100e+03,
1.362039999999999964e+03,
1.308799999999999955e+03,
1.252740000000000009e+03,
1.134650000000000091e+03,
1.055079999999999927e+03,
1.014590000000000032e+03,
9.505900000000000318e+02,
9.695700000000000500e+02,
9.282200000000000273e+02,
9.143500000000000227e+02,
8.928300000000000409e+02,
8.690399999999999636e+02,
8.475199999999999818e+02,
8.948099999999999454e+02,
8.917000000000000455e+02,
8.809400000000000546e+02,
8.534700000000000273e+02,
1.010340000000000032e+03,
9.944900000000000091e+02,
9.279400000000000546e+02,
8.732899999999999636e+02,
8.911299999999999955e+02,
7.229299999999999500e+02,
6.982899999999999636e+02,
6.804500000000000455e+02,
6.861200000000000045e+02,
7.116000000000000227e+02,
7.294400000000000546e+02,
7.818300000000000409e+02,
7.900399999999999636e+02,
8.613999999999999773e+02,
8.206200000000000045e+02,
8.761200000000000045e+02,
8.730099999999999909e+02,
7.127300000000000182e+02,
7.552100000000000364e+02,
8.160900000000000318e+02,
8.192100000000000364e+02,
8.410099999999999909e+02,
8.557300000000000182e+02,
8.282699999999999818e+02,
8.376100000000000136e+02,
9.117999999999999545e+02,
8.707400000000000091e+02,
8.090099999999999909e+02,
7.503999999999999773e+02,
8.217500000000000000e+02,
7.823899999999999864e+02,
7.611599999999999682e+02,
7.668200000000000500e+02,
8.084400000000000546e+02,
9.358700000000000045e+02,
8.732899999999999636e+02,
8.795199999999999818e+02,
7.787100000000000364e+02,
7.518099999999999454e+02,
7.345399999999999636e+02,
6.926299999999999955e+02,
5.652000000000000455e+02,
5.550099999999999909e+02,
5.470800000000000409e+02,
5.405700000000000500e+02,
5.524600000000000364e+02,
5.858700000000000045e+02,
6.136299999999999955e+02,
6.209900000000000091e+02,
6.365599999999999454e+02,
5.366000000000000227e+02,
5.300900000000000318e+02,
5.300900000000000318e+02,
5.439700000000000273e+02,
5.322999999999999545e+02,
5.120199999999999818e+02,
5.255900000000000318e+02,
5.307100000000000364e+02,
5.140900000000000318e+02,
4.858299999999999841e+02,
5.195299999999999727e+02,
5.391000000000000227e+02,
5.357500000000000000e+02,
5.297200000000000273e+02,
5.328700000000000045e+02,
5.360399999999999636e+02,
