8.380000000000000782e+00,
7.839999999999999858e+00,
8.640000000000000568e+00,
8.830000000000000071e+00,
8.550000000000000711e+00,
8.669999999999999929e+00,
8.609999999999999432e+00,
8.839999999999999858e+00,
8.289999999999999147e+00,
8.400000000000000355e+00,
8.080000000000000071e+00,
8.060000000000000497e+00,
8.259999999999999787e+00,
8.029999999999999361e+00,
8.130000000000000782e+00,
8.339999999999999858e+00,
8.650000000000000355e+00,
9.740000000000000213e+00,
9.769999999999999574e+00,
9.230000000000000426e+00,
8.839999999999999858e+00,
9.570000000000000284e+00,
9.169999999999999929e+00,
9.519999999999999574e+00,
9.910000000000000142e+00,
1.016000000000000014e+01,
1.048000000000000043e+01,
1.068999999999999950e+01,
1.071000000000000085e+01,
1.056000000000000050e+01,
1.058000000000000007e+01,
1.100000000000000000e+01,
1.047000000000000064e+01,
1.057000000000000028e+01,
1.082000000000000028e+01,
1.207000000000000028e+01,
1.222000000000000064e+01,
1.152999999999999936e+01,
1.191999999999999993e+01,
1.208999999999999986e+01,
1.218999999999999950e+01,
1.210999999999999943e+01,
1.186999999999999922e+01,
1.165000000000000036e+01,
1.225000000000000000e+01,
1.308000000000000007e+01,
1.219999999999999929e+01,
1.302999999999999936e+01,
1.285999999999999943e+01,
1.325000000000000000e+01,
1.367999999999999972e+01,
1.267999999999999972e+01,
1.266000000000000014e+01,
1.326999999999999957e+01,
1.303999999999999915e+01,
1.353999999999999915e+01,
1.389000000000000057e+01,
1.418999999999999950e+01,
1.450000000000000000e+01,
1.474000000000000021e+01,
1.544999999999999929e+01,
1.489000000000000057e+01,
1.505000000000000071e+01,
1.519999999999999929e+01,
1.541000000000000014e+01,
1.574000000000000021e+01,
1.607000000000000028e+01,
1.689999999999999858e+01,
1.775000000000000000e+01,
1.612000000000000099e+01,
1.601000000000000156e+01,
1.792000000000000171e+01,
1.644999999999999929e+01,
1.667000000000000171e+01,
1.725000000000000000e+01,
1.992999999999999972e+01,
1.773000000000000043e+01,
1.812999999999999901e+01,
1.851000000000000156e+01,
1.892000000000000171e+01,
1.889000000000000057e+01,
1.880999999999999872e+01,
1.905999999999999872e+01,
1.914000000000000057e+01,
1.919999999999999929e+01,
1.916000000000000014e+01,
1.905000000000000071e+01,
1.887000000000000099e+01,
1.896999999999999886e+01,
1.917000000000000171e+01,
1.914000000000000057e+01,
2.144999999999999929e+01,
1.885999999999999943e+01,
1.880000000000000071e+01,
8.380000000000000782e+00,
7.870000000000000107e+00,
8.449999999999999289e+00,
8.539999999999999147e+00,
8.669999999999999929e+00,
8.630000000000000782e+00,
8.630000000000000782e+00,
8.679999999999999716e+00,
8.380000000000000782e+00,
8.470000000000000639e+00,
8.359999999999999432e+00,
8.279999999999999361e+00,
7.950000000000000178e+00,
8.439999999999999503e+00,
8.039999999999999147e+00,
8.550000000000000711e+00,
8.919999999999999929e+00,
9.099999999999999645e+00,
8.740000000000000213e+00,
8.890000000000000568e+00,
9.080000000000000071e+00,
9.710000000000000853e+00,
9.359999999999999432e+00,
9.650000000000000355e+00,
1.057000000000000028e+01,
1.066000000000000014e+01,
1.033000000000000007e+01,
1.052999999999999936e+01,
1.047000000000000064e+01,
1.132000000000000028e+01,
1.077999999999999936e+01,
1.031000000000000050e+01,
1.038000000000000078e+01,
1.052999999999999936e+01,
1.082000000000000028e+01,
1.146000000000000085e+01,
1.133000000000000007e+01,
1.165000000000000036e+01,
1.198000000000000043e+01,
1.222000000000000064e+01,
1.219999999999999929e+01,
1.216999999999999993e+01,
1.190000000000000036e+01,
1.216000000000000014e+01,
1.175999999999999979e+01,
1.200000000000000000e+01,
1.240000000000000036e+01,
1.273000000000000043e+01,
1.307000000000000028e+01,
1.341999999999999993e+01,
1.291000000000000014e+01,
1.291999999999999993e+01,
1.328999999999999915e+01,
1.271000000000000085e+01,
1.446000000000000085e+01,
1.333000000000000007e+01,
1.384999999999999964e+01,
1.416000000000000014e+01,
1.453999999999999915e+01,
1.528999999999999915e+01,
1.601999999999999957e+01,
1.530000000000000071e+01,
1.475999999999999979e+01,
1.552999999999999936e+01,
1.509999999999999964e+01,
1.675000000000000000e+01,
1.701999999999999957e+01,
1.721000000000000085e+01,
1.549000000000000021e+01,
1.653999999999999915e+01,
1.650000000000000000e+01,
1.583000000000000007e+01,
1.823000000000000043e+01,
1.669000000000000128e+01,
1.926000000000000156e+01,
1.964999999999999858e+01,
1.987000000000000099e+01,
1.660000000000000142e+01,
1.860999999999999943e+01,
2.021999999999999886e+01,
1.735000000000000142e+01,
1.789000000000000057e+01,
1.871999999999999886e+01,
1.850000000000000000e+01,
2.053999999999999915e+01,
1.896000000000000085e+01,
1.867999999999999972e+01,
2.073999999999999844e+01,
1.887000000000000099e+01,
1.882000000000000028e+01,
1.901000000000000156e+01,
1.967000000000000171e+01,
2.119000000000000128e+01,
1.864999999999999858e+01,
2.117000000000000171e+01,
1.957999999999999829e+01,
1.957999999999999829e+01,
1.871999999999999886e+01,
1.892999999999999972e+01,
1.942000000000000171e+01,
1.967000000000000171e+01,
1.966000000000000014e+01,
2.148999999999999844e+01,
2.017999999999999972e+01,
2.280000000000000071e+01,
2.119999999999999929e+01,
1.987000000000000099e+01,
1.907999999999999829e+01,
1.821000000000000085e+01,
1.866000000000000014e+01,
1.985000000000000142e+01,
1.832999999999999829e+01,
1.894999999999999929e+01,
1.855999999999999872e+01,
2.207000000000000028e+01,
1.848000000000000043e+01,
2.164000000000000057e+01,
1.850000000000000000e+01,
1.987000000000000099e+01,
2.132999999999999829e+01,
1.848999999999999844e+01,
2.110999999999999943e+01,
1.944000000000000128e+01,
1.928000000000000114e+01,
1.917999999999999972e+01,
2.105999999999999872e+01,
1.948000000000000043e+01,
1.951000000000000156e+01,
1.846999999999999886e+01,
1.835000000000000142e+01,
1.982000000000000028e+01,
2.151000000000000156e+01,
1.864999999999999858e+01,
1.917000000000000171e+01,
1.923000000000000043e+01,
2.132999999999999829e+01,
1.905999999999999872e+01,
2.146999999999999886e+01,
1.914999999999999858e+01,
1.944999999999999929e+01,
2.087999999999999901e+01,
1.937000000000000099e+01,
1.950000000000000000e+01,
1.978999999999999915e+01,
2.050000000000000000e+01,
1.942999999999999972e+01,
2.176000000000000156e+01,
1.951000000000000156e+01,
1.944000000000000128e+01,
1.932000000000000028e+01,
2.126000000000000156e+01,
2.094999999999999929e+01,
2.092000000000000171e+01,
1.901999999999999957e+01,
8.380000000000000782e+00,
8.019999999999999574e+00,
8.359999999999999432e+00,
8.589999999999999858e+00,
8.609999999999999432e+00,
8.880000000000000782e+00,
8.660000000000000142e+00,
8.500000000000000000e+00,
8.720000000000000639e+00,
8.580000000000000071e+00,
8.019999999999999574e+00,
8.220000000000000639e+00,
7.919999999999999929e+00,
8.000000000000000000e+00,
8.150000000000000355e+00,
8.359999999999999432e+00,
9.429999999999999716e+00,
9.699999999999999289e+00,
8.650000000000000355e+00,
8.839999999999999858e+00,
9.009999999999999787e+00,
9.210000000000000853e+00,
9.429999999999999716e+00,
9.660000000000000142e+00,
1.058000000000000007e+01,
1.067999999999999972e+01,
1.050999999999999979e+01,
1.074000000000000021e+01,
1.042999999999999972e+01,
1.039000000000000057e+01,
1.047000000000000064e+01,
1.050000000000000000e+01,
1.050000000000000000e+01,
1.151999999999999957e+01,
1.178999999999999915e+01,
1.124000000000000021e+01,
1.148000000000000043e+01,
1.174000000000000021e+01,
1.200000000000000000e+01,
1.223000000000000043e+01,
1.278999999999999915e+01,
1.173000000000000043e+01,
1.208999999999999986e+01,
1.153999999999999915e+01,
1.249000000000000021e+01,
1.186999999999999922e+01,
1.271000000000000085e+01,
1.252999999999999936e+01,
1.291000000000000014e+01,
1.296000000000000085e+01,
1.296000000000000085e+01,
1.291999999999999993e+01,
1.368999999999999950e+01,
1.371000000000000085e+01,
1.401999999999999957e+01,
1.433000000000000007e+01,
1.458999999999999986e+01,
1.478999999999999915e+01,
1.515000000000000036e+01,
1.436999999999999922e+01,
1.464000000000000057e+01,
1.419999999999999929e+01,
1.519999999999999929e+01,
1.477999999999999936e+01,
1.525999999999999979e+01,
1.666000000000000014e+01,
1.635000000000000142e+01,
1.575000000000000000e+01,
1.676999999999999957e+01,
1.742999999999999972e+01,
1.583000000000000007e+01,
1.682000000000000028e+01,
1.619000000000000128e+01,
1.685999999999999943e+01,
1.942999999999999972e+01,
1.830000000000000071e+01,
1.708999999999999986e+01,
1.782999999999999829e+01,
1.828999999999999915e+01,
2.044999999999999929e+01,
1.846999999999999886e+01,
1.862000000000000099e+01,
1.898999999999999844e+01,
1.885999999999999943e+01,
2.067999999999999972e+01,
1.905000000000000071e+01,
1.887999999999999901e+01,
1.901000000000000156e+01,
1.889999999999999858e+01,
1.910999999999999943e+01,
1.908999999999999986e+01,
1.898999999999999844e+01,
1.892000000000000171e+01,
1.896000000000000085e+01,
1.892999999999999972e+01,
1.892000000000000171e+01,
1.905000000000000071e+01,
1.926999999999999957e+01,
1.953999999999999915e+01,
2.098999999999999844e+01,
2.098999999999999844e+01,
1.989999999999999858e+01,
2.310999999999999943e+01,
2.014999999999999858e+01,
2.126999999999999957e+01,
2.107999999999999829e+01,
2.167999999999999972e+01,
1.992000000000000171e+01,
1.841000000000000014e+01,
1.837999999999999901e+01,
1.817999999999999972e+01,
1.858999999999999986e+01,
2.173000000000000043e+01,
1.853000000000000114e+01,
1.994999999999999929e+01,
1.848000000000000043e+01,
1.969000000000000128e+01,
1.844000000000000128e+01,
1.989000000000000057e+01,
1.871000000000000085e+01,
1.987000000000000099e+01,
1.871000000000000085e+01,
1.869999999999999929e+01,
1.876000000000000156e+01,
1.825000000000000000e+01,
1.825000000000000000e+01,
1.985000000000000142e+01,
1.885999999999999943e+01,
2.026999999999999957e+01,
2.185000000000000142e+01,
2.030999999999999872e+01,
2.017000000000000171e+01,
1.994999999999999929e+01,
1.985000000000000142e+01,
1.983999999999999986e+01,
1.926999999999999957e+01,
1.998999999999999844e+01,
2.017999999999999972e+01,
2.051000000000000156e+01,
2.055000000000000071e+01,
1.896999999999999886e+01,
1.926000000000000156e+01,
1.942999999999999972e+01,
2.042999999999999972e+01,
1.975000000000000000e+01,
1.942000000000000171e+01,
2.182000000000000028e+01,
2.042999999999999972e+01,
1.939000000000000057e+01,
1.944999999999999929e+01,
1.942000000000000171e+01,
1.932000000000000028e+01,
2.010000000000000142e+01,
1.905999999999999872e+01,
8.380000000000000782e+00,
8.130000000000000782e+00,
8.330000000000000071e+00,
8.830000000000000071e+00,
8.529999999999999361e+00,
8.570000000000000284e+00,
8.699999999999999289e+00,
8.619999999999999218e+00,
8.710000000000000853e+00,
8.560000000000000497e+00,
7.990000000000000213e+00,
8.199999999999999289e+00,
7.900000000000000355e+00,
7.990000000000000213e+00,
8.140000000000000568e+00,
8.359999999999999432e+00,
8.689999999999999503e+00,
8.820000000000000284e+00,
9.339999999999999858e+00,
9.000000000000000000e+00,
1.008999999999999986e+01,
9.019999999999999574e+00,
1.025000000000000000e+01,
9.359999999999999432e+00,
9.849999999999999645e+00,
1.033000000000000007e+01,
1.036999999999999922e+01,
1.055000000000000071e+01,
1.093999999999999950e+01,
1.084999999999999964e+01,
1.128999999999999915e+01,
1.075000000000000000e+01,
1.024000000000000021e+01,
1.135999999999999943e+01,
1.107000000000000028e+01,
1.174000000000000021e+01,
1.122000000000000064e+01,
1.176999999999999957e+01,
1.244999999999999929e+01,
1.266000000000000014e+01,
1.172000000000000064e+01,
1.173000000000000043e+01,
1.171000000000000085e+01,
1.159999999999999964e+01,
1.171000000000000085e+01,
1.294999999999999929e+01,
1.227999999999999936e+01,
1.264000000000000057e+01,
1.366999999999999993e+01,
1.273000000000000043e+01,
1.294999999999999929e+01,
1.291000000000000014e+01,
1.275999999999999979e+01,
1.283999999999999986e+01,
1.315000000000000036e+01,
1.352999999999999936e+01,
1.388000000000000078e+01,
1.466000000000000014e+01,
1.440000000000000036e+01,
1.527999999999999936e+01,
1.473000000000000043e+01,
1.498000000000000043e+01,
1.500000000000000000e+01,
1.521000000000000085e+01,
1.541999999999999993e+01,
1.573000000000000043e+01,
1.601999999999999957e+01,
1.626999999999999957e+01,
1.637999999999999901e+01,
1.639999999999999858e+01,
1.617999999999999972e+01,
1.637999999999999901e+01,
1.675000000000000000e+01,
1.921000000000000085e+01,
1.733999999999999986e+01,
1.882000000000000028e+01,
1.805000000000000071e+01,
1.839999999999999858e+01,
1.873000000000000043e+01,
1.889999999999999858e+01,
1.964000000000000057e+01,
1.960000000000000142e+01,
1.789999999999999858e+01,
1.898000000000000043e+01,
1.908999999999999986e+01,
1.971000000000000085e+01,
1.978000000000000114e+01,
1.864999999999999858e+01,
1.946999999999999886e+01,
1.901000000000000156e+01,
1.889000000000000057e+01,
1.889000000000000057e+01,
1.887000000000000099e+01,
1.889000000000000057e+01,
1.896999999999999886e+01,
1.892999999999999972e+01,
1.876999999999999957e+01,
1.914000000000000057e+01,
1.944000000000000128e+01,
1.994999999999999929e+01,
2.023000000000000043e+01,
2.014999999999999858e+01,
2.321999999999999886e+01,
2.035999999999999943e+01,
2.287000000000000099e+01,
2.028000000000000114e+01,
2.057999999999999829e+01,
1.892999999999999972e+01,
1.821000000000000085e+01,
2.219000000000000128e+01,
1.819000000000000128e+01,
2.196000000000000085e+01,
2.146000000000000085e+01,
1.812999999999999901e+01,
2.119000000000000128e+01,
1.807000000000000028e+01,
1.817999999999999972e+01,
1.832000000000000028e+01,
1.846999999999999886e+01,
1.858999999999999986e+01,
1.864000000000000057e+01,
1.867000000000000171e+01,
1.880999999999999872e+01,
1.882000000000000028e+01,
1.837000000000000099e+01,
1.835000000000000142e+01,
1.994999999999999929e+01,
2.180999999999999872e+01,
1.898000000000000043e+01,
1.907000000000000028e+01,
2.023999999999999844e+01,
2.028999999999999915e+01,
2.003000000000000114e+01,
1.985000000000000142e+01,
1.983999999999999986e+01,
1.994000000000000128e+01,
2.005999999999999872e+01,
2.019000000000000128e+01,
2.048000000000000043e+01,
2.201000000000000156e+01,
1.953999999999999915e+01,
2.185999999999999943e+01,
1.960000000000000142e+01,
2.021999999999999886e+01,
2.028000000000000114e+01,
2.030000000000000071e+01,
1.892999999999999972e+01,
1.914000000000000057e+01,
1.930999999999999872e+01,
2.003000000000000114e+01,
1.932000000000000028e+01,
1.923000000000000043e+01,
1.907999999999999829e+01,
1.898999999999999844e+01,
8.380000000000000782e+00,
8.130000000000000782e+00,
8.330000000000000071e+00,
8.830000000000000071e+00,
8.529999999999999361e+00,
8.570000000000000284e+00,
8.699999999999999289e+00,
8.619999999999999218e+00,
8.710000000000000853e+00,
8.560000000000000497e+00,
7.990000000000000213e+00,
8.199999999999999289e+00,
8.380000000000000782e+00,
7.900000000000000355e+00,
8.259999999999999787e+00,
8.869999999999999218e+00,
8.580000000000000071e+00,
9.070000000000000284e+00,
9.169999999999999929e+00,
8.779999999999999361e+00,
8.949999999999999289e+00,
9.660000000000000142e+00,
9.339999999999999858e+00,
9.570000000000000284e+00,
1.052999999999999936e+01,
1.065000000000000036e+01,
1.048000000000000043e+01,
1.073000000000000043e+01,
1.041000000000000014e+01,
1.036999999999999922e+01,
1.043999999999999950e+01,
1.052999999999999936e+01,
1.094999999999999929e+01,
1.144999999999999929e+01,
1.169999999999999929e+01,
1.119999999999999929e+01,
1.144999999999999929e+01,
1.156000000000000050e+01,
1.188000000000000078e+01,
1.214000000000000057e+01,
1.210999999999999943e+01,
1.203999999999999915e+01,
1.183000000000000007e+01,
1.167999999999999972e+01,
1.175999999999999979e+01,
1.214000000000000057e+01,
1.232000000000000028e+01,
1.377999999999999936e+01,
1.277999999999999936e+01,
1.327999999999999936e+01,
1.372000000000000064e+01,
1.360999999999999943e+01,
1.251999999999999957e+01,
1.365000000000000036e+01,
1.286999999999999922e+01,
1.448000000000000043e+01,
1.360999999999999943e+01,
1.397000000000000064e+01,
1.531000000000000050e+01,
1.444999999999999929e+01,
1.467999999999999972e+01,
1.491999999999999993e+01,
1.608999999999999986e+01,
1.482000000000000028e+01,
1.527999999999999936e+01,
1.671000000000000085e+01,
1.593999999999999950e+01,
1.603999999999999915e+01,
1.626000000000000156e+01,
1.621999999999999886e+01,
1.608999999999999986e+01,
1.637000000000000099e+01,
1.669999999999999929e+01,
1.705000000000000071e+01,
1.853000000000000114e+01,
1.998999999999999844e+01,
1.791000000000000014e+01,
1.826999999999999957e+01,
2.055000000000000071e+01,
1.855999999999999872e+01,
2.028000000000000114e+01,
1.807000000000000028e+01,
2.037000000000000099e+01,
1.844000000000000128e+01,
1.891000000000000014e+01,
1.878000000000000114e+01,
1.975000000000000000e+01,
1.883999999999999986e+01,
1.882999999999999829e+01,
1.908999999999999986e+01,
1.898000000000000043e+01,
1.892999999999999972e+01,
1.896000000000000085e+01,
1.889999999999999858e+01,
1.898000000000000043e+01,
1.894000000000000128e+01,
1.876000000000000156e+01,
1.912999999999999901e+01,
1.942999999999999972e+01,
1.980000000000000071e+01,
2.328999999999999915e+01,
2.008999999999999986e+01,
2.305000000000000071e+01,
2.028999999999999915e+01,
2.037999999999999901e+01,
2.044000000000000128e+01,
1.998999999999999844e+01,
2.185000000000000142e+01,
1.807000000000000028e+01,
1.800000000000000000e+01,
1.862000000000000099e+01,
1.880999999999999872e+01,
1.869999999999999929e+01,
1.860999999999999943e+01,
1.850000000000000000e+01,
1.889000000000000057e+01,
1.891000000000000014e+01,
1.871000000000000085e+01,
2.026999999999999957e+01,
1.894000000000000128e+01,
1.894999999999999929e+01,
1.903999999999999915e+01,
1.903999999999999915e+01,
1.871999999999999886e+01,
1.826999999999999957e+01,
1.851000000000000156e+01,
2.235999999999999943e+01,
1.894999999999999929e+01,
1.875000000000000000e+01,
1.908999999999999986e+01,
2.071999999999999886e+01,
1.967000000000000171e+01,
2.037999999999999901e+01,
2.030999999999999872e+01,
2.026999999999999957e+01,
2.032999999999999829e+01,
2.025000000000000000e+01,
2.035999999999999943e+01,
2.071000000000000085e+01,
1.969000000000000128e+01,
1.980999999999999872e+01,
2.076999999999999957e+01,
1.994999999999999929e+01,
2.053999999999999915e+01,
2.057000000000000028e+01,
2.069000000000000128e+01,
2.062999999999999901e+01,
1.958999999999999986e+01,
1.957999999999999829e+01,
1.957000000000000028e+01,
1.948999999999999844e+01,
1.932000000000000028e+01,
1.916000000000000014e+01,
2.126000000000000156e+01,
8.380000000000000782e+00,
8.130000000000000782e+00,
8.330000000000000071e+00,
8.830000000000000071e+00,
8.529999999999999361e+00,
8.570000000000000284e+00,
8.619999999999999218e+00,
8.519999999999999574e+00,
8.339999999999999858e+00,
8.650000000000000355e+00,
8.490000000000000213e+00,
7.990000000000000213e+00,
8.189999999999999503e+00,
8.400000000000000355e+00,
8.029999999999999361e+00,
8.509999999999999787e+00,
8.640000000000000568e+00,
9.689999999999999503e+00,
9.119999999999999218e+00,
9.789999999999999147e+00,
9.869999999999999218e+00,
9.910000000000000142e+00,
8.880000000000000782e+00,
9.390000000000000568e+00,
9.820000000000000284e+00,
1.006000000000000050e+01,
1.036999999999999922e+01,
1.083999999999999986e+01,
1.083999999999999986e+01,
1.035999999999999943e+01,
1.040000000000000036e+01,
1.050000000000000000e+01,
1.046000000000000085e+01,
1.148000000000000043e+01,
1.122000000000000064e+01,
1.133000000000000007e+01,
1.115000000000000036e+01,
1.167999999999999972e+01,
1.193999999999999950e+01,
1.288000000000000078e+01,
1.201999999999999957e+01,
1.241999999999999993e+01,
1.257000000000000028e+01,
1.155000000000000071e+01,
1.166000000000000014e+01,
1.200000000000000000e+01,
1.231000000000000050e+01,
1.309999999999999964e+01,
1.288000000000000078e+01,
1.364000000000000057e+01,
1.321000000000000085e+01,
1.273000000000000043e+01,
1.272000000000000064e+01,
1.278999999999999915e+01,
1.314000000000000057e+01,
1.352999999999999936e+01,
1.389000000000000057e+01,
1.421000000000000085e+01,
1.450999999999999979e+01,
1.475000000000000000e+01,
1.617999999999999972e+01,
1.474000000000000021e+01,
1.491000000000000014e+01,
1.516000000000000014e+01,
1.550999999999999979e+01,
1.577999999999999936e+01,
1.605999999999999872e+01,
1.625000000000000000e+01,
1.701999999999999957e+01,
1.628000000000000114e+01,
1.608999999999999986e+01,
1.635000000000000142e+01,
1.855000000000000071e+01,
1.791000000000000014e+01,
1.716000000000000014e+01,
1.758999999999999986e+01,
1.812999999999999901e+01,
2.051000000000000156e+01,
1.850000000000000000e+01,
1.944999999999999929e+01,
1.867000000000000171e+01,
1.871999999999999886e+01,
1.885000000000000142e+01,
1.894000000000000128e+01,
1.869000000000000128e+01,
1.889000000000000057e+01,
1.898999999999999844e+01,
1.896000000000000085e+01,
1.907000000000000028e+01,
1.917999999999999972e+01,
1.912999999999999901e+01,
1.973999999999999844e+01,
1.885999999999999943e+01,
1.885000000000000142e+01,
1.892000000000000171e+01,
1.889000000000000057e+01,
1.903999999999999915e+01,
1.928000000000000114e+01,
1.955999999999999872e+01,
2.089000000000000057e+01,
1.976000000000000156e+01,
2.012000000000000099e+01,
2.317999999999999972e+01,
2.037000000000000099e+01,
2.046999999999999886e+01,
2.048999999999999844e+01,
1.998000000000000043e+01,
1.869000000000000128e+01,
1.987999999999999901e+01,
2.233999999999999986e+01,
1.969999999999999929e+01,
2.185999999999999943e+01,
1.807999999999999829e+01,
1.830999999999999872e+01,
1.826000000000000156e+01,
1.832000000000000028e+01,
1.841000000000000014e+01,
1.860000000000000142e+01,
1.889999999999999858e+01,
1.892000000000000171e+01,
1.887999999999999901e+01,
2.164999999999999858e+01,
1.887999999999999901e+01,
1.873000000000000043e+01,
1.828000000000000114e+01,
1.839000000000000057e+01,
1.996999999999999886e+01,
2.023999999999999844e+01,
2.019000000000000128e+01,
2.030000000000000071e+01,
2.028000000000000114e+01,
2.017000000000000171e+01,
1.998999999999999844e+01,
1.982999999999999829e+01,
1.980999999999999872e+01,
1.987999999999999901e+01,
2.000000000000000000e+01,
2.014000000000000057e+01,
2.044999999999999929e+01,
2.048999999999999844e+01,
2.064000000000000057e+01,
2.046000000000000085e+01,
1.892000000000000171e+01,
2.030000000000000071e+01,
1.964000000000000057e+01,
2.044999999999999929e+01,
2.044999999999999929e+01,
2.023000000000000043e+01,
1.998000000000000043e+01,
1.939999999999999858e+01,
1.937999999999999901e+01,
1.994999999999999929e+01,
1.992000000000000171e+01,
1.896999999999999886e+01,
8.380000000000000782e+00,
8.130000000000000782e+00,
8.330000000000000071e+00,
8.830000000000000071e+00,
8.529999999999999361e+00,
8.570000000000000284e+00,
8.619999999999999218e+00,
8.519999999999999574e+00,
8.339999999999999858e+00,
8.650000000000000355e+00,
8.490000000000000213e+00,
7.990000000000000213e+00,
8.189999999999999503e+00,
8.400000000000000355e+00,
8.029999999999999361e+00,
8.509999999999999787e+00,
8.640000000000000568e+00,
9.689999999999999503e+00,
9.119999999999999218e+00,
9.789999999999999147e+00,
9.869999999999999218e+00,
9.910000000000000142e+00,
8.880000000000000782e+00,
9.390000000000000568e+00,
9.779999999999999361e+00,
1.007000000000000028e+01,
1.084999999999999964e+01,
1.074000000000000021e+01,
1.042999999999999972e+01,
1.082000000000000028e+01,
1.083000000000000007e+01,
1.034999999999999964e+01,
1.039000000000000057e+01,
1.056000000000000050e+01,
1.178999999999999915e+01,
1.131000000000000050e+01,
1.155000000000000071e+01,
1.151999999999999957e+01,
1.216000000000000014e+01,
1.273000000000000043e+01,
1.184999999999999964e+01,
1.233999999999999986e+01,
1.175000000000000000e+01,
1.161999999999999922e+01,
1.175000000000000000e+01,
1.210999999999999943e+01,
1.240000000000000036e+01,
1.278999999999999915e+01,
1.300999999999999979e+01,
1.300999999999999979e+01,
1.299000000000000021e+01,
1.339000000000000057e+01,
1.324000000000000021e+01,
1.268999999999999950e+01,
1.300000000000000000e+01,
1.485999999999999943e+01,
1.358999999999999986e+01,
1.408000000000000007e+01,
1.446000000000000085e+01,
1.469999999999999929e+01,
1.610000000000000142e+01,
1.473000000000000043e+01,
1.503999999999999915e+01,
1.515000000000000036e+01,
1.549000000000000021e+01,
1.575000000000000000e+01,
1.607999999999999829e+01,
1.633999999999999986e+01,
1.698000000000000043e+01,
1.623000000000000043e+01,
1.607000000000000028e+01,
1.633999999999999986e+01,
1.671999999999999886e+01,
1.708999999999999986e+01,
1.733999999999999986e+01,
1.803999999999999915e+01,
2.044000000000000128e+01,
1.857000000000000028e+01,
1.821999999999999886e+01,
1.885999999999999943e+01,
1.973999999999999844e+01,
1.869999999999999929e+01,
1.971999999999999886e+01,
1.903000000000000114e+01,
1.891000000000000014e+01,
2.064999999999999858e+01,
1.892999999999999972e+01,
1.882999999999999829e+01,
1.900000000000000000e+01,
1.908999999999999986e+01,
1.905999999999999872e+01,
1.896999999999999886e+01,
1.891000000000000014e+01,
1.896000000000000085e+01,
1.891000000000000014e+01,
1.889999999999999858e+01,
1.905000000000000071e+01,
1.926999999999999957e+01,
1.953999999999999915e+01,
2.101999999999999957e+01,
1.976000000000000156e+01,
2.012999999999999901e+01,
2.076999999999999957e+01,
2.121000000000000085e+01,
2.055999999999999872e+01,
2.128999999999999915e+01,
2.055999999999999872e+01,
1.908999999999999986e+01,
1.821999999999999886e+01,
2.233999999999999986e+01,
1.823999999999999844e+01,
2.205000000000000071e+01,
1.823000000000000043e+01,
2.148000000000000043e+01,
1.828000000000000114e+01,
2.144999999999999929e+01,
1.828000000000000114e+01,
1.948999999999999844e+01,
1.844000000000000128e+01,
2.119999999999999929e+01,
1.848000000000000043e+01,
2.103999999999999915e+01,
1.930999999999999872e+01,
2.039999999999999858e+01,
1.819999999999999929e+01,
2.091000000000000014e+01,
1.794999999999999929e+01,
2.119000000000000128e+01,
2.119999999999999929e+01,
1.962000000000000099e+01,
2.108999999999999986e+01,
1.855999999999999872e+01,
2.103000000000000114e+01,
1.926999999999999957e+01,
1.864000000000000057e+01,
1.885999999999999943e+01,
1.967999999999999972e+01,
2.001000000000000156e+01,
2.160000000000000142e+01,
2.166000000000000014e+01,
1.930000000000000071e+01,
1.939999999999999858e+01,
2.016000000000000014e+01,
1.878999999999999915e+01,
2.023000000000000043e+01,
2.135999999999999943e+01,
2.026000000000000156e+01,
1.932999999999999829e+01,
1.932000000000000028e+01,
1.932000000000000028e+01,
1.926000000000000156e+01,
1.914000000000000057e+01,
2.091000000000000014e+01,
2.082999999999999829e+01,
8.380000000000000782e+00,
8.130000000000000782e+00,
8.330000000000000071e+00,
8.830000000000000071e+00,
8.529999999999999361e+00,
8.570000000000000284e+00,
8.619999999999999218e+00,
8.519999999999999574e+00,
8.339999999999999858e+00,
8.650000000000000355e+00,
8.490000000000000213e+00,
7.990000000000000213e+00,
8.189999999999999503e+00,
8.400000000000000355e+00,
8.029999999999999361e+00,
8.509999999999999787e+00,
8.640000000000000568e+00,
9.689999999999999503e+00,
9.119999999999999218e+00,
9.789999999999999147e+00,
9.869999999999999218e+00,
9.910000000000000142e+00,
8.880000000000000782e+00,
9.390000000000000568e+00,
9.779999999999999361e+00,
1.007000000000000028e+01,
1.084999999999999964e+01,
1.074000000000000021e+01,
1.042999999999999972e+01,
1.082000000000000028e+01,
1.083000000000000007e+01,
1.034999999999999964e+01,
1.039000000000000057e+01,
1.056000000000000050e+01,
1.178999999999999915e+01,
1.131000000000000050e+01,
1.155000000000000071e+01,
1.151999999999999957e+01,
1.216000000000000014e+01,
1.273000000000000043e+01,
1.184999999999999964e+01,
1.233999999999999986e+01,
1.214000000000000057e+01,
1.157000000000000028e+01,
1.173000000000000043e+01,
1.201999999999999957e+01,
1.342999999999999972e+01,
1.289000000000000057e+01,
1.302999999999999936e+01,
1.307000000000000028e+01,
1.280000000000000071e+01,
1.286999999999999922e+01,
1.276999999999999957e+01,
1.281000000000000050e+01,
1.315000000000000036e+01,
1.352999999999999936e+01,
1.389000000000000057e+01,
1.422000000000000064e+01,
1.451999999999999957e+01,
1.474000000000000021e+01,
1.617000000000000171e+01,
1.472000000000000064e+01,
1.503999999999999915e+01,
1.515000000000000036e+01,
1.550999999999999979e+01,
1.577999999999999936e+01,
1.605999999999999872e+01,
1.625000000000000000e+01,
1.701999999999999957e+01,
1.628000000000000114e+01,
1.608999999999999986e+01,
1.635000000000000142e+01,
1.855000000000000071e+01,
1.791000000000000014e+01,
1.716000000000000014e+01,
1.873000000000000043e+01,
1.794999999999999929e+01,
1.832000000000000028e+01,
1.869999999999999929e+01,
1.889000000000000057e+01,
1.891000000000000014e+01,
1.885999999999999943e+01,
1.891000000000000014e+01,
1.901999999999999957e+01,
1.978000000000000114e+01,
1.862000000000000099e+01,
1.878999999999999915e+01,
1.901999999999999957e+01,
1.892999999999999972e+01,
1.919000000000000128e+01,
1.912999999999999901e+01,
1.973999999999999844e+01,
1.885999999999999943e+01,
1.885000000000000142e+01,
1.892000000000000171e+01,
1.889000000000000057e+01,
1.903999999999999915e+01,
1.928000000000000114e+01,
1.955999999999999872e+01,
2.089000000000000057e+01,
1.976000000000000156e+01,
2.010000000000000142e+01,
2.035999999999999943e+01,
2.125000000000000000e+01,
2.067000000000000171e+01,
2.028999999999999915e+01,
2.212000000000000099e+01,
1.880999999999999872e+01,
1.989000000000000057e+01,
1.810000000000000142e+01,
1.873999999999999844e+01,
1.855000000000000071e+01,
1.862000000000000099e+01,
1.867000000000000171e+01,
1.860000000000000142e+01,
1.867000000000000171e+01,
1.880999999999999872e+01,
1.883999999999999986e+01,
1.908999999999999986e+01,
1.907000000000000028e+01,
1.894000000000000128e+01,
1.910999999999999943e+01,
1.903000000000000114e+01,
1.869999999999999929e+01,
1.798000000000000043e+01,
1.857000000000000028e+01,
1.883999999999999986e+01,
2.235000000000000142e+01,
1.921999999999999886e+01,
1.976000000000000156e+01,
1.925000000000000000e+01,
2.071999999999999886e+01,
1.946000000000000085e+01,
1.957999999999999829e+01,
1.960000000000000142e+01,
2.053000000000000114e+01,
2.050000000000000000e+01,
1.964999999999999858e+01,
1.982999999999999829e+01,
1.987999999999999901e+01,
2.125000000000000000e+01,
2.105000000000000071e+01,
2.012999999999999901e+01,
2.085000000000000142e+01,
1.998999999999999844e+01,
1.989000000000000057e+01,
2.087999999999999901e+01,
2.064999999999999858e+01,
2.041000000000000014e+01,
1.969999999999999929e+01,
1.951000000000000156e+01,
1.935000000000000142e+01,
1.926000000000000156e+01,
1.903999999999999915e+01,
8.380000000000000782e+00,
8.130000000000000782e+00,
8.330000000000000071e+00,
8.830000000000000071e+00,
8.529999999999999361e+00,
8.570000000000000284e+00,
8.619999999999999218e+00,
8.519999999999999574e+00,
8.339999999999999858e+00,
8.650000000000000355e+00,
8.490000000000000213e+00,
7.990000000000000213e+00,
8.189999999999999503e+00,
8.400000000000000355e+00,
8.029999999999999361e+00,
8.509999999999999787e+00,
8.640000000000000568e+00,
9.689999999999999503e+00,
9.119999999999999218e+00,
9.789999999999999147e+00,
9.869999999999999218e+00,
9.910000000000000142e+00,
8.880000000000000782e+00,
9.390000000000000568e+00,
9.779999999999999361e+00,
1.007000000000000028e+01,
1.084999999999999964e+01,
1.074000000000000021e+01,
1.042999999999999972e+01,
1.082000000000000028e+01,
1.083000000000000007e+01,
1.034999999999999964e+01,
1.039000000000000057e+01,
1.056000000000000050e+01,
1.178999999999999915e+01,
1.131000000000000050e+01,
1.155000000000000071e+01,
1.151999999999999957e+01,
1.216000000000000014e+01,
1.273000000000000043e+01,
1.184999999999999964e+01,
1.233999999999999986e+01,
1.214000000000000057e+01,
1.157000000000000028e+01,
1.173000000000000043e+01,
1.201999999999999957e+01,
1.342999999999999972e+01,
1.289000000000000057e+01,
1.302999999999999936e+01,
1.307000000000000028e+01,
1.280000000000000071e+01,
1.286999999999999922e+01,
1.276999999999999957e+01,
1.281000000000000050e+01,
1.315000000000000036e+01,
1.352999999999999936e+01,
1.389000000000000057e+01,
1.422000000000000064e+01,
1.451999999999999957e+01,
1.474000000000000021e+01,
1.617000000000000171e+01,
1.472000000000000064e+01,
1.503999999999999915e+01,
1.515000000000000036e+01,
1.550999999999999979e+01,
1.577999999999999936e+01,
1.605999999999999872e+01,
1.625000000000000000e+01,
1.701999999999999957e+01,
1.628000000000000114e+01,
1.608999999999999986e+01,
1.635000000000000142e+01,
1.855000000000000071e+01,
1.791000000000000014e+01,
1.716000000000000014e+01,
1.873000000000000043e+01,
1.794999999999999929e+01,
1.832000000000000028e+01,
1.869999999999999929e+01,
1.889000000000000057e+01,
1.891000000000000014e+01,
1.885999999999999943e+01,
1.891000000000000014e+01,
1.901999999999999957e+01,
1.978000000000000114e+01,
1.873000000000000043e+01,
1.880000000000000071e+01,
1.889000000000000057e+01,
1.889999999999999858e+01,
1.919000000000000128e+01,
1.914000000000000057e+01,
1.973999999999999844e+01,
1.885999999999999943e+01,
1.885000000000000142e+01,
1.892000000000000171e+01,
1.889000000000000057e+01,
1.903999999999999915e+01,
1.928999999999999915e+01,
1.957000000000000028e+01,
2.089000000000000057e+01,
1.976000000000000156e+01,
2.010999999999999943e+01,
2.062000000000000099e+01,
2.292999999999999972e+01,
2.133999999999999986e+01,
2.114000000000000057e+01,
2.176999999999999957e+01,
1.908999999999999986e+01,
1.807999999999999829e+01,
1.853999999999999915e+01,
1.976000000000000156e+01,
1.864999999999999858e+01,
2.167999999999999972e+01,
1.848999999999999844e+01,
1.989000000000000057e+01,
2.148000000000000043e+01,
2.119000000000000128e+01,
1.816000000000000014e+01,
1.830999999999999872e+01,
2.094999999999999929e+01,
1.841000000000000014e+01,
2.092000000000000171e+01,
1.851999999999999957e+01,
2.035000000000000142e+01,
1.828999999999999915e+01,
1.792999999999999972e+01,
2.132999999999999829e+01,
2.130000000000000071e+01,
1.960999999999999943e+01,
2.112000000000000099e+01,
1.851000000000000156e+01,
2.117999999999999972e+01,
1.948999999999999844e+01,
1.869000000000000128e+01,
2.101000000000000156e+01,
1.942000000000000171e+01,
1.894000000000000128e+01,
2.137000000000000099e+01,
2.028999999999999915e+01,
2.164999999999999858e+01,
2.046999999999999886e+01,
2.173999999999999844e+01,
2.008999999999999986e+01,
1.989000000000000057e+01,
1.994999999999999929e+01,
1.996000000000000085e+01,
2.001000000000000156e+01,
1.998999999999999844e+01,
1.982999999999999829e+01,
1.978000000000000114e+01,
1.976999999999999957e+01,
2.046999999999999886e+01,
1.885000000000000142e+01,
2.055000000000000071e+01,
8.380000000000000782e+00,
8.130000000000000782e+00,
8.330000000000000071e+00,
8.830000000000000071e+00,
8.529999999999999361e+00,
8.570000000000000284e+00,
8.619999999999999218e+00,
8.519999999999999574e+00,
8.339999999999999858e+00,
8.650000000000000355e+00,
8.490000000000000213e+00,
7.990000000000000213e+00,
8.189999999999999503e+00,
8.400000000000000355e+00,
8.029999999999999361e+00,
8.509999999999999787e+00,
8.640000000000000568e+00,
9.689999999999999503e+00,
9.119999999999999218e+00,
9.789999999999999147e+00,
9.869999999999999218e+00,
9.910000000000000142e+00,
8.880000000000000782e+00,
9.390000000000000568e+00,
9.800000000000000711e+00,
1.007000000000000028e+01,
1.084999999999999964e+01,
1.074000000000000021e+01,
1.043999999999999950e+01,
1.082000000000000028e+01,
1.083000000000000007e+01,
1.034999999999999964e+01,
1.039000000000000057e+01,
1.056000000000000050e+01,
1.083000000000000007e+01,
1.146000000000000085e+01,
1.127999999999999936e+01,
1.165000000000000036e+01,
1.230000000000000071e+01,
1.286999999999999922e+01,
1.183999999999999986e+01,
1.202999999999999936e+01,
1.227999999999999936e+01,
1.160999999999999943e+01,
1.173000000000000043e+01,
1.202999999999999936e+01,
1.349000000000000021e+01,
1.241999999999999993e+01,
1.322000000000000064e+01,
1.358000000000000007e+01,
1.275999999999999979e+01,
1.283000000000000007e+01,
1.275000000000000000e+01,
1.281000000000000050e+01,
1.316999999999999993e+01,
1.353999999999999915e+01,
1.389000000000000057e+01,
1.422000000000000064e+01,
1.451999999999999957e+01,
1.474000000000000021e+01,
1.617000000000000171e+01,
1.485999999999999943e+01,
1.505000000000000071e+01,
1.516000000000000014e+01,
1.550999999999999979e+01,
1.577999999999999936e+01,
1.605999999999999872e+01,
1.625000000000000000e+01,
1.701999999999999957e+01,
1.628000000000000114e+01,
1.608999999999999986e+01,
1.635000000000000142e+01,
1.855000000000000071e+01,
1.791000000000000014e+01,
1.716000000000000014e+01,
1.873000000000000043e+01,
1.794999999999999929e+01,
1.832000000000000028e+01,
1.869999999999999929e+01,
1.889000000000000057e+01,
1.891000000000000014e+01,
1.885999999999999943e+01,
1.891000000000000014e+01,
1.901999999999999957e+01,
1.978000000000000114e+01,
1.823999999999999844e+01,
1.880000000000000071e+01,
1.889000000000000057e+01,
1.896000000000000085e+01,
1.919000000000000128e+01,
1.914000000000000057e+01,
1.973999999999999844e+01,
1.885999999999999943e+01,
1.885000000000000142e+01,
1.892000000000000171e+01,
1.889000000000000057e+01,
1.903999999999999915e+01,
1.928999999999999915e+01,
1.957000000000000028e+01,
2.089000000000000057e+01,
2.000000000000000000e+01,
2.010000000000000142e+01,
2.037000000000000099e+01,
2.292999999999999972e+01,
2.142999999999999972e+01,
2.114000000000000057e+01,
2.176999999999999957e+01,
1.907000000000000028e+01,
1.810000000000000142e+01,
1.855999999999999872e+01,
1.828000000000000114e+01,
1.898000000000000043e+01,
1.876999999999999957e+01,
1.869000000000000128e+01,
1.851000000000000156e+01,
1.867999999999999972e+01,
1.892999999999999972e+01,
1.878000000000000114e+01,
1.898999999999999844e+01,
1.896000000000000085e+01,
1.912000000000000099e+01,
1.905999999999999872e+01,
1.912000000000000099e+01,
1.873000000000000043e+01,
1.814000000000000057e+01,
1.835999999999999943e+01,
1.887000000000000099e+01,
1.923999999999999844e+01,
2.076999999999999957e+01,
1.942000000000000171e+01,
1.960999999999999943e+01,
1.955999999999999872e+01,
1.991000000000000014e+01,
1.960999999999999943e+01,
1.969000000000000128e+01,
1.964000000000000057e+01,
1.976999999999999957e+01,
1.989999999999999858e+01,
2.121000000000000085e+01,
1.998000000000000043e+01,
2.010000000000000142e+01,
2.025000000000000000e+01,
2.035999999999999943e+01,
2.044999999999999929e+01,
2.010999999999999943e+01,
2.112000000000000099e+01,
1.987999999999999901e+01,
1.976000000000000156e+01,
1.982999999999999829e+01,
1.971999999999999886e+01,
1.960000000000000142e+01,
1.942999999999999972e+01,
1.928999999999999915e+01,
1.926000000000000156e+01,
8.380000000000000782e+00,
8.130000000000000782e+00,
8.330000000000000071e+00,
8.830000000000000071e+00,
8.529999999999999361e+00,
8.570000000000000284e+00,
8.619999999999999218e+00,
8.519999999999999574e+00,
8.339999999999999858e+00,
8.650000000000000355e+00,
8.490000000000000213e+00,
7.990000000000000213e+00,
8.189999999999999503e+00,
8.400000000000000355e+00,
8.029999999999999361e+00,
8.509999999999999787e+00,
8.640000000000000568e+00,
9.689999999999999503e+00,
9.119999999999999218e+00,
9.789999999999999147e+00,
9.869999999999999218e+00,
9.910000000000000142e+00,
8.880000000000000782e+00,
9.390000000000000568e+00,
9.800000000000000711e+00,
1.007000000000000028e+01,
1.084999999999999964e+01,
1.074000000000000021e+01,
1.043999999999999950e+01,
1.082000000000000028e+01,
1.083000000000000007e+01,
1.034999999999999964e+01,
1.039000000000000057e+01,
1.056000000000000050e+01,
1.083000000000000007e+01,
1.146000000000000085e+01,
1.127999999999999936e+01,
1.165000000000000036e+01,
1.230000000000000071e+01,
1.286999999999999922e+01,
1.183999999999999986e+01,
1.202999999999999936e+01,
1.227999999999999936e+01,
1.160999999999999943e+01,
1.173000000000000043e+01,
1.202999999999999936e+01,
1.349000000000000021e+01,
1.241999999999999993e+01,
1.322000000000000064e+01,
1.358000000000000007e+01,
1.275999999999999979e+01,
1.283000000000000007e+01,
1.275000000000000000e+01,
1.281000000000000050e+01,
1.316999999999999993e+01,
1.353999999999999915e+01,
1.389000000000000057e+01,
1.422000000000000064e+01,
1.451999999999999957e+01,
1.474000000000000021e+01,
1.617000000000000171e+01,
1.485999999999999943e+01,
1.505000000000000071e+01,
1.516000000000000014e+01,
1.550999999999999979e+01,
1.577999999999999936e+01,
1.605999999999999872e+01,
1.625000000000000000e+01,
1.701999999999999957e+01,
1.628000000000000114e+01,
1.608999999999999986e+01,
1.635000000000000142e+01,
1.855000000000000071e+01,
1.791000000000000014e+01,
1.716000000000000014e+01,
1.873000000000000043e+01,
1.794999999999999929e+01,
1.832000000000000028e+01,
1.869999999999999929e+01,
1.889000000000000057e+01,
1.891000000000000014e+01,
1.885999999999999943e+01,
1.891000000000000014e+01,
1.901999999999999957e+01,
1.978000000000000114e+01,
1.901999999999999957e+01,
1.864999999999999858e+01,
1.878000000000000114e+01,
1.892999999999999972e+01,
1.910999999999999943e+01,
1.917000000000000171e+01,
1.900000000000000000e+01,
1.964999999999999858e+01,
1.891000000000000014e+01,
1.876999999999999957e+01,
1.892000000000000171e+01,
1.903999999999999915e+01,
1.928999999999999915e+01,
1.957000000000000028e+01,
2.100000000000000000e+01,
1.976999999999999957e+01,
2.012000000000000099e+01,
2.046999999999999886e+01,
2.292000000000000171e+01,
2.042999999999999972e+01,
2.255000000000000071e+01,
2.176999999999999957e+01,
1.892999999999999972e+01,
1.825000000000000000e+01,
1.805000000000000071e+01,
1.880000000000000071e+01,
1.855999999999999872e+01,
1.880000000000000071e+01,
1.867999999999999972e+01,
1.864000000000000057e+01,
1.867999999999999972e+01,
1.878000000000000114e+01,
1.883999999999999986e+01,
1.894999999999999929e+01,
1.889999999999999858e+01,
1.894999999999999929e+01,
1.910999999999999943e+01,
1.919000000000000128e+01,
1.882999999999999829e+01,
1.783999999999999986e+01,
1.830000000000000071e+01,
2.030000000000000071e+01,
1.894999999999999929e+01,
1.939999999999999858e+01,
1.942000000000000171e+01,
1.953000000000000114e+01,
1.955000000000000071e+01,
1.966000000000000014e+01,
1.969999999999999929e+01,
1.962999999999999901e+01,
1.967000000000000171e+01,
1.976999999999999957e+01,
1.989000000000000057e+01,
2.003000000000000114e+01,
2.021999999999999886e+01,
2.278000000000000114e+01,
2.110000000000000142e+01,
2.012999999999999901e+01,
2.012999999999999901e+01,
2.007999999999999829e+01,
2.007000000000000028e+01,
1.985999999999999943e+01,
1.973999999999999844e+01,
1.978000000000000114e+01,
1.971999999999999886e+01,
1.953999999999999915e+01,
1.932999999999999829e+01,
1.919999999999999929e+01,
1.932999999999999829e+01,
8.380000000000000782e+00,
8.130000000000000782e+00,
8.330000000000000071e+00,
8.830000000000000071e+00,
8.529999999999999361e+00,
8.570000000000000284e+00,
8.619999999999999218e+00,
8.519999999999999574e+00,
8.339999999999999858e+00,
8.650000000000000355e+00,
8.490000000000000213e+00,
7.990000000000000213e+00,
8.189999999999999503e+00,
8.400000000000000355e+00,
8.029999999999999361e+00,
8.509999999999999787e+00,
8.640000000000000568e+00,
9.689999999999999503e+00,
9.119999999999999218e+00,
9.789999999999999147e+00,
9.869999999999999218e+00,
9.910000000000000142e+00,
8.880000000000000782e+00,
9.390000000000000568e+00,
9.800000000000000711e+00,
1.007000000000000028e+01,
1.084999999999999964e+01,
1.074000000000000021e+01,
1.043999999999999950e+01,
1.082000000000000028e+01,
1.083000000000000007e+01,
1.034999999999999964e+01,
1.039000000000000057e+01,
1.056000000000000050e+01,
1.083000000000000007e+01,
1.146000000000000085e+01,
1.127999999999999936e+01,
1.165000000000000036e+01,
1.230000000000000071e+01,
1.286999999999999922e+01,
1.183999999999999986e+01,
1.202999999999999936e+01,
1.227999999999999936e+01,
1.160999999999999943e+01,
1.173000000000000043e+01,
1.202999999999999936e+01,
1.349000000000000021e+01,
1.241999999999999993e+01,
1.322000000000000064e+01,
1.358000000000000007e+01,
1.275999999999999979e+01,
1.283000000000000007e+01,
1.275000000000000000e+01,
1.281000000000000050e+01,
1.316999999999999993e+01,
1.353999999999999915e+01,
1.389000000000000057e+01,
1.422000000000000064e+01,
1.451999999999999957e+01,
1.474000000000000021e+01,
1.617000000000000171e+01,
1.485999999999999943e+01,
1.505000000000000071e+01,
1.516000000000000014e+01,
1.550999999999999979e+01,
1.577999999999999936e+01,
1.605999999999999872e+01,
1.625000000000000000e+01,
1.701999999999999957e+01,
1.628000000000000114e+01,
1.608999999999999986e+01,
1.635000000000000142e+01,
1.855000000000000071e+01,
1.791000000000000014e+01,
1.716000000000000014e+01,
1.873000000000000043e+01,
1.794999999999999929e+01,
1.832000000000000028e+01,
1.869999999999999929e+01,
1.889000000000000057e+01,
1.891000000000000014e+01,
1.885999999999999943e+01,
1.891000000000000014e+01,
1.901999999999999957e+01,
1.978000000000000114e+01,
1.901999999999999957e+01,
1.864999999999999858e+01,
1.878000000000000114e+01,
1.892999999999999972e+01,
1.910999999999999943e+01,
1.917000000000000171e+01,
1.900000000000000000e+01,
1.964999999999999858e+01,
1.891000000000000014e+01,
1.876999999999999957e+01,
1.892000000000000171e+01,
1.903999999999999915e+01,
1.928999999999999915e+01,
1.957000000000000028e+01,
2.100000000000000000e+01,
1.976999999999999957e+01,
2.012000000000000099e+01,
2.075000000000000000e+01,
2.051000000000000156e+01,
2.296999999999999886e+01,
2.026999999999999957e+01,
2.001000000000000156e+01,
1.907999999999999829e+01,
1.985999999999999943e+01,
1.850000000000000000e+01,
1.828000000000000114e+01,
1.892999999999999972e+01,
1.864000000000000057e+01,
1.862000000000000099e+01,
1.837999999999999901e+01,
1.867999999999999972e+01,
2.014999999999999858e+01,
1.876000000000000156e+01,
1.910000000000000142e+01,
1.882000000000000028e+01,
2.221000000000000085e+01,
1.875000000000000000e+01,
1.889999999999999858e+01,
1.875000000000000000e+01,
1.789000000000000057e+01,
1.857000000000000028e+01,
1.896000000000000085e+01,
1.932999999999999829e+01,
1.907999999999999829e+01,
2.092999999999999972e+01,
1.921000000000000085e+01,
2.071000000000000085e+01,
1.937999999999999901e+01,
1.944000000000000128e+01,
1.973999999999999844e+01,
1.969000000000000128e+01,
1.946999999999999886e+01,
1.973000000000000043e+01,
2.001999999999999957e+01,
1.985000000000000142e+01,
2.003999999999999915e+01,
2.116000000000000014e+01,
2.025000000000000000e+01,
2.016000000000000014e+01,
2.021999999999999886e+01,
2.003999999999999915e+01,
2.096000000000000085e+01,
2.073999999999999844e+01,
1.969000000000000128e+01,
2.171999999999999886e+01,
1.953999999999999915e+01,
1.939000000000000057e+01,
1.916000000000000014e+01,
1.910999999999999943e+01,
8.380000000000000782e+00,
8.130000000000000782e+00,
8.330000000000000071e+00,
8.830000000000000071e+00,
8.529999999999999361e+00,
8.570000000000000284e+00,
8.619999999999999218e+00,
8.519999999999999574e+00,
8.339999999999999858e+00,
8.650000000000000355e+00,
8.490000000000000213e+00,
7.990000000000000213e+00,
8.189999999999999503e+00,
8.400000000000000355e+00,
8.029999999999999361e+00,
8.509999999999999787e+00,
8.640000000000000568e+00,
9.689999999999999503e+00,
9.119999999999999218e+00,
9.789999999999999147e+00,
9.869999999999999218e+00,
9.910000000000000142e+00,
8.880000000000000782e+00,
9.390000000000000568e+00,
9.800000000000000711e+00,
1.007000000000000028e+01,
1.084999999999999964e+01,
1.074000000000000021e+01,
1.043999999999999950e+01,
1.082000000000000028e+01,
1.083000000000000007e+01,
1.034999999999999964e+01,
1.039000000000000057e+01,
1.056000000000000050e+01,
1.083000000000000007e+01,
1.146000000000000085e+01,
1.127999999999999936e+01,
1.165000000000000036e+01,
1.230000000000000071e+01,
1.286999999999999922e+01,
1.183999999999999986e+01,
1.202999999999999936e+01,
1.227999999999999936e+01,
1.160999999999999943e+01,
1.173000000000000043e+01,
1.202999999999999936e+01,
1.349000000000000021e+01,
1.241999999999999993e+01,
1.322000000000000064e+01,
1.358000000000000007e+01,
1.275999999999999979e+01,
1.283000000000000007e+01,
1.275000000000000000e+01,
1.281000000000000050e+01,
1.316999999999999993e+01,
1.353999999999999915e+01,
1.389000000000000057e+01,
1.422000000000000064e+01,
1.451999999999999957e+01,
1.474000000000000021e+01,
1.617000000000000171e+01,
1.485999999999999943e+01,
1.505000000000000071e+01,
1.516000000000000014e+01,
1.550999999999999979e+01,
1.577999999999999936e+01,
1.605999999999999872e+01,
1.625000000000000000e+01,
1.701999999999999957e+01,
1.628000000000000114e+01,
1.608999999999999986e+01,
1.635000000000000142e+01,
1.855000000000000071e+01,
1.791000000000000014e+01,
1.716000000000000014e+01,
1.873000000000000043e+01,
1.794999999999999929e+01,
1.832000000000000028e+01,
1.869999999999999929e+01,
1.889000000000000057e+01,
1.891000000000000014e+01,
1.885999999999999943e+01,
1.891000000000000014e+01,
1.901999999999999957e+01,
1.978000000000000114e+01,
1.901999999999999957e+01,
1.864999999999999858e+01,
1.878000000000000114e+01,
1.892999999999999972e+01,
1.910999999999999943e+01,
1.917000000000000171e+01,
1.900000000000000000e+01,
1.964999999999999858e+01,
1.891000000000000014e+01,
1.876999999999999957e+01,
1.892000000000000171e+01,
1.903999999999999915e+01,
1.928999999999999915e+01,
1.957000000000000028e+01,
2.100000000000000000e+01,
1.976999999999999957e+01,
2.012000000000000099e+01,
2.075000000000000000e+01,
2.078999999999999915e+01,
2.055999999999999872e+01,
2.033999999999999986e+01,
1.996999999999999886e+01,
2.033999999999999986e+01,
1.808999999999999986e+01,
1.866000000000000014e+01,
2.260000000000000142e+01,
1.817000000000000171e+01,
1.878000000000000114e+01,
1.851000000000000156e+01,
1.860999999999999943e+01,
1.864999999999999858e+01,
1.855000000000000071e+01,
1.896999999999999886e+01,
1.882000000000000028e+01,
1.907000000000000028e+01,
1.878999999999999915e+01,
1.921999999999999886e+01,
1.901000000000000156e+01,
1.878999999999999915e+01,
1.780999999999999872e+01,
1.832999999999999829e+01,
2.044000000000000128e+01,
2.230999999999999872e+01,
1.894999999999999929e+01,
1.957000000000000028e+01,
2.067999999999999972e+01,
1.903999999999999915e+01,
1.928999999999999915e+01,
1.950000000000000000e+01,
1.950000000000000000e+01,
1.969000000000000128e+01,
1.973999999999999844e+01,
1.964000000000000057e+01,
2.248000000000000043e+01,
2.107999999999999829e+01,
1.980999999999999872e+01,
1.998999999999999844e+01,
2.014999999999999858e+01,
2.012999999999999901e+01,
2.003000000000000114e+01,
1.992000000000000171e+01,
1.980999999999999872e+01,
2.073999999999999844e+01,
2.048000000000000043e+01,
2.164999999999999858e+01,
1.946000000000000085e+01,
2.035999999999999943e+01,
1.928000000000000114e+01,
1.907999999999999829e+01,
8.380000000000000782e+00,
8.130000000000000782e+00,
8.330000000000000071e+00,
8.830000000000000071e+00,
8.529999999999999361e+00,
8.570000000000000284e+00,
8.619999999999999218e+00,
8.519999999999999574e+00,
8.339999999999999858e+00,
8.650000000000000355e+00,
8.490000000000000213e+00,
7.990000000000000213e+00,
8.189999999999999503e+00,
8.400000000000000355e+00,
8.029999999999999361e+00,
8.509999999999999787e+00,
8.640000000000000568e+00,
9.689999999999999503e+00,
9.119999999999999218e+00,
9.789999999999999147e+00,
9.869999999999999218e+00,
9.910000000000000142e+00,
8.880000000000000782e+00,
9.390000000000000568e+00,
9.800000000000000711e+00,
1.007000000000000028e+01,
1.084999999999999964e+01,
1.074000000000000021e+01,
1.043999999999999950e+01,
1.082000000000000028e+01,
1.083000000000000007e+01,
1.034999999999999964e+01,
1.039000000000000057e+01,
1.056000000000000050e+01,
1.083000000000000007e+01,
1.146000000000000085e+01,
1.127999999999999936e+01,
1.165000000000000036e+01,
1.230000000000000071e+01,
1.286999999999999922e+01,
1.183999999999999986e+01,
1.202999999999999936e+01,
1.227999999999999936e+01,
1.160999999999999943e+01,
1.173000000000000043e+01,
1.202999999999999936e+01,
1.349000000000000021e+01,
1.241999999999999993e+01,
1.322000000000000064e+01,
1.358000000000000007e+01,
1.275999999999999979e+01,
1.283000000000000007e+01,
1.275000000000000000e+01,
1.281000000000000050e+01,
1.316999999999999993e+01,
1.353999999999999915e+01,
1.389000000000000057e+01,
1.422000000000000064e+01,
1.451999999999999957e+01,
1.474000000000000021e+01,
1.617000000000000171e+01,
1.485999999999999943e+01,
1.505000000000000071e+01,
1.516000000000000014e+01,
1.550999999999999979e+01,
1.577999999999999936e+01,
1.605999999999999872e+01,
1.625000000000000000e+01,
1.701999999999999957e+01,
1.628000000000000114e+01,
1.608999999999999986e+01,
1.635000000000000142e+01,
1.855000000000000071e+01,
1.791000000000000014e+01,
1.716000000000000014e+01,
1.873000000000000043e+01,
1.794999999999999929e+01,
1.832000000000000028e+01,
1.869999999999999929e+01,
1.889000000000000057e+01,
1.891000000000000014e+01,
1.885999999999999943e+01,
1.891000000000000014e+01,
1.901999999999999957e+01,
1.978000000000000114e+01,
2.066000000000000014e+01,
1.857999999999999829e+01,
1.887999999999999901e+01,
1.873999999999999844e+01,
2.114000000000000057e+01,
1.896000000000000085e+01,
2.103999999999999915e+01,
1.878000000000000114e+01,
2.125000000000000000e+01,
1.853999999999999915e+01,
2.119000000000000128e+01,
1.862999999999999901e+01,
1.869999999999999929e+01,
1.898000000000000043e+01,
1.907999999999999829e+01,
1.971999999999999886e+01,
2.005000000000000071e+01,
2.003999999999999915e+01,
2.071999999999999886e+01,
2.157000000000000028e+01,
2.032999999999999829e+01,
1.985999999999999943e+01,
1.891000000000000014e+01,
1.998999999999999844e+01,
2.237000000000000099e+01,
1.978000000000000114e+01,
2.187000000000000099e+01,
1.823000000000000043e+01,
1.835999999999999943e+01,
1.825000000000000000e+01,
1.832000000000000028e+01,
1.846000000000000085e+01,
1.862999999999999901e+01,
1.878000000000000114e+01,
1.885000000000000142e+01,
2.173999999999999844e+01,
2.144999999999999929e+01,
2.096000000000000085e+01,
2.048999999999999844e+01,
2.055000000000000071e+01,
1.794000000000000128e+01,
1.819999999999999929e+01,
1.832999999999999829e+01,
1.878999999999999915e+01,
1.864000000000000057e+01,
2.010999999999999943e+01,
1.921999999999999886e+01,
2.141000000000000014e+01,
1.892999999999999972e+01,
1.933999999999999986e+01,
1.903000000000000114e+01,
1.919000000000000128e+01,
1.932999999999999829e+01,
1.944999999999999929e+01,
1.953000000000000114e+01,
1.964000000000000057e+01,
1.978000000000000114e+01,
2.007000000000000028e+01,
2.069999999999999929e+01,
1.989000000000000057e+01,
1.962999999999999901e+01,
1.962000000000000099e+01,
1.978000000000000114e+01,
1.976999999999999957e+01,
1.953999999999999915e+01,
1.962999999999999901e+01,
1.942999999999999972e+01,
1.905999999999999872e+01,
2.026999999999999957e+01,
8.380000000000000782e+00,
8.130000000000000782e+00,
8.330000000000000071e+00,
8.830000000000000071e+00,
8.529999999999999361e+00,
8.570000000000000284e+00,
8.619999999999999218e+00,
8.519999999999999574e+00,
8.339999999999999858e+00,
8.650000000000000355e+00,
8.490000000000000213e+00,
7.990000000000000213e+00,
8.189999999999999503e+00,
8.400000000000000355e+00,
8.029999999999999361e+00,
8.509999999999999787e+00,
8.640000000000000568e+00,
9.689999999999999503e+00,
9.119999999999999218e+00,
9.789999999999999147e+00,
9.869999999999999218e+00,
9.910000000000000142e+00,
8.880000000000000782e+00,
9.390000000000000568e+00,
9.800000000000000711e+00,
1.007000000000000028e+01,
1.084999999999999964e+01,
1.074000000000000021e+01,
1.043999999999999950e+01,
1.082000000000000028e+01,
1.083000000000000007e+01,
1.034999999999999964e+01,
1.039000000000000057e+01,
1.056000000000000050e+01,
1.083000000000000007e+01,
1.146000000000000085e+01,
1.127999999999999936e+01,
1.165000000000000036e+01,
1.230000000000000071e+01,
1.286999999999999922e+01,
1.183999999999999986e+01,
1.202999999999999936e+01,
1.227999999999999936e+01,
1.160999999999999943e+01,
1.173000000000000043e+01,
1.202999999999999936e+01,
1.349000000000000021e+01,
1.241999999999999993e+01,
1.322000000000000064e+01,
1.358000000000000007e+01,
1.275999999999999979e+01,
1.283000000000000007e+01,
1.275000000000000000e+01,
1.281000000000000050e+01,
1.316999999999999993e+01,
1.353999999999999915e+01,
1.389000000000000057e+01,
1.422000000000000064e+01,
1.451999999999999957e+01,
1.474000000000000021e+01,
1.617000000000000171e+01,
1.485999999999999943e+01,
1.505000000000000071e+01,
1.516000000000000014e+01,
1.550999999999999979e+01,
1.577999999999999936e+01,
1.605999999999999872e+01,
1.625000000000000000e+01,
1.701999999999999957e+01,
1.628000000000000114e+01,
1.608999999999999986e+01,
1.635000000000000142e+01,
1.855000000000000071e+01,
1.791000000000000014e+01,
1.716000000000000014e+01,
1.873000000000000043e+01,
1.794999999999999929e+01,
1.832000000000000028e+01,
1.869999999999999929e+01,
1.889000000000000057e+01,
1.891000000000000014e+01,
1.885999999999999943e+01,
1.891000000000000014e+01,
1.901999999999999957e+01,
1.978000000000000114e+01,
2.066000000000000014e+01,
1.857999999999999829e+01,
1.887999999999999901e+01,
1.873999999999999844e+01,
2.114000000000000057e+01,
1.896000000000000085e+01,
1.882000000000000028e+01,
1.889999999999999858e+01,
1.887999999999999901e+01,
1.887000000000000099e+01,
1.887000000000000099e+01,
1.896999999999999886e+01,
1.917000000000000171e+01,
1.944000000000000128e+01,
2.089000000000000057e+01,
2.107999999999999829e+01,
2.094999999999999929e+01,
2.101999999999999957e+01,
2.082000000000000028e+01,
2.271000000000000085e+01,
2.226000000000000156e+01,
2.008999999999999986e+01,
1.891000000000000014e+01,
1.821999999999999886e+01,
1.801000000000000156e+01,
1.821999999999999886e+01,
1.860999999999999943e+01,
1.871000000000000085e+01,
1.976999999999999957e+01,
1.842000000000000171e+01,
1.869000000000000128e+01,
1.869999999999999929e+01,
2.162999999999999901e+01,
2.155999999999999872e+01,
1.844999999999999929e+01,
1.851000000000000156e+01,
1.866000000000000014e+01,
1.876000000000000156e+01,
1.878000000000000114e+01,
1.823999999999999844e+01,
1.810000000000000142e+01,
1.996000000000000085e+01,
2.182000000000000028e+01,
2.155999999999999872e+01,
1.892999999999999972e+01,
1.901999999999999957e+01,
2.003000000000000114e+01,
1.994999999999999929e+01,
1.980000000000000071e+01,
1.980000000000000071e+01,
1.980000000000000071e+01,
1.994999999999999929e+01,
2.005000000000000071e+01,
2.042999999999999972e+01,
2.046999999999999886e+01,
2.214000000000000057e+01,
1.903000000000000114e+01,
2.146000000000000085e+01,
1.914000000000000057e+01,
1.928999999999999915e+01,
1.962000000000000099e+01,
1.935999999999999943e+01,
1.937000000000000099e+01,
2.014000000000000057e+01,
2.005000000000000071e+01,
1.935000000000000142e+01,
1.925000000000000000e+01,
1.910000000000000142e+01,
1.901000000000000156e+01,
8.380000000000000782e+00,
8.130000000000000782e+00,
8.330000000000000071e+00,
8.830000000000000071e+00,
8.529999999999999361e+00,
8.570000000000000284e+00,
8.619999999999999218e+00,
8.519999999999999574e+00,
8.339999999999999858e+00,
8.650000000000000355e+00,
8.490000000000000213e+00,
7.990000000000000213e+00,
8.189999999999999503e+00,
8.400000000000000355e+00,
8.029999999999999361e+00,
8.509999999999999787e+00,
8.640000000000000568e+00,
9.689999999999999503e+00,
9.119999999999999218e+00,
9.789999999999999147e+00,
9.869999999999999218e+00,
9.910000000000000142e+00,
8.880000000000000782e+00,
9.390000000000000568e+00,
9.800000000000000711e+00,
1.007000000000000028e+01,
1.084999999999999964e+01,
1.074000000000000021e+01,
1.043999999999999950e+01,
1.082000000000000028e+01,
1.083000000000000007e+01,
1.034999999999999964e+01,
1.039000000000000057e+01,
1.056000000000000050e+01,
1.083000000000000007e+01,
1.146000000000000085e+01,
1.127999999999999936e+01,
1.165000000000000036e+01,
1.230000000000000071e+01,
1.286999999999999922e+01,
1.183999999999999986e+01,
1.202999999999999936e+01,
1.227999999999999936e+01,
1.160999999999999943e+01,
1.173000000000000043e+01,
1.202999999999999936e+01,
1.349000000000000021e+01,
1.241999999999999993e+01,
1.322000000000000064e+01,
1.358000000000000007e+01,
1.271000000000000085e+01,
1.285999999999999943e+01,
1.275999999999999979e+01,
1.284999999999999964e+01,
1.315000000000000036e+01,
1.474000000000000021e+01,
1.363000000000000078e+01,
1.407000000000000028e+01,
1.490000000000000036e+01,
1.459999999999999964e+01,
1.485999999999999943e+01,
1.500000000000000000e+01,
1.502999999999999936e+01,
1.526999999999999957e+01,
1.542999999999999972e+01,
1.583000000000000007e+01,
1.614000000000000057e+01,
1.626000000000000156e+01,
1.776999999999999957e+01,
1.683999999999999986e+01,
1.593999999999999950e+01,
1.619000000000000128e+01,
1.658999999999999986e+01,
1.905999999999999872e+01,
1.826000000000000156e+01,
1.985000000000000142e+01,
1.735000000000000142e+01,
1.762999999999999901e+01,
1.944000000000000128e+01,
1.942000000000000171e+01,
1.825000000000000000e+01,
1.862999999999999901e+01,
1.887000000000000099e+01,
1.887999999999999901e+01,
1.914999999999999858e+01,
1.914999999999999858e+01,
1.982000000000000028e+01,
1.894000000000000128e+01,
2.098999999999999844e+01,
1.894999999999999929e+01,
2.107000000000000028e+01,
1.882999999999999829e+01,
2.107999999999999829e+01,
1.869999999999999929e+01,
2.108999999999999986e+01,
1.853999999999999915e+01,
1.860999999999999943e+01,
1.880999999999999872e+01,
1.905000000000000071e+01,
1.950000000000000000e+01,
1.957999999999999829e+01,
2.017000000000000171e+01,
2.137999999999999901e+01,
2.019000000000000128e+01,
2.067999999999999972e+01,
2.028000000000000114e+01,
2.208999999999999986e+01,
1.885000000000000142e+01,
1.819999999999999929e+01,
1.801000000000000156e+01,
1.842999999999999972e+01,
1.882999999999999829e+01,
2.010000000000000142e+01,
2.005000000000000071e+01,
1.851999999999999957e+01,
1.858999999999999986e+01,
2.189999999999999858e+01,
2.169999999999999929e+01,
1.985000000000000142e+01,
2.128999999999999915e+01,
1.844000000000000128e+01,
2.096999999999999886e+01,
1.855000000000000071e+01,
1.858999999999999986e+01,
1.823999999999999844e+01,
1.801999999999999957e+01,
1.842000000000000171e+01,
1.871000000000000085e+01,
1.894999999999999929e+01,
1.901000000000000156e+01,
1.907999999999999829e+01,
1.930000000000000071e+01,
1.941000000000000014e+01,
2.017000000000000171e+01,
1.939000000000000057e+01,
1.939999999999999858e+01,
2.041000000000000014e+01,
1.951000000000000156e+01,
1.964999999999999858e+01,
1.987999999999999901e+01,
1.998000000000000043e+01,
1.985999999999999943e+01,
2.001999999999999957e+01,
2.007000000000000028e+01,
2.008999999999999986e+01,
1.983999999999999986e+01,
1.980000000000000071e+01,
1.978000000000000114e+01,
1.975000000000000000e+01,
1.967000000000000171e+01,
1.957999999999999829e+01,
1.946000000000000085e+01,
1.930999999999999872e+01,
1.917000000000000171e+01,
8.380000000000000782e+00,
8.130000000000000782e+00,
8.330000000000000071e+00,
8.830000000000000071e+00,
8.529999999999999361e+00,
8.570000000000000284e+00,
8.619999999999999218e+00,
8.519999999999999574e+00,
8.339999999999999858e+00,
8.650000000000000355e+00,
8.490000000000000213e+00,
7.990000000000000213e+00,
8.189999999999999503e+00,
8.400000000000000355e+00,
8.029999999999999361e+00,
8.509999999999999787e+00,
8.640000000000000568e+00,
9.689999999999999503e+00,
9.119999999999999218e+00,
9.789999999999999147e+00,
9.869999999999999218e+00,
9.910000000000000142e+00,
8.880000000000000782e+00,
9.390000000000000568e+00,
9.800000000000000711e+00,
1.007000000000000028e+01,
1.084999999999999964e+01,
1.074000000000000021e+01,
1.043999999999999950e+01,
1.082000000000000028e+01,
1.083000000000000007e+01,
1.034999999999999964e+01,
1.039000000000000057e+01,
1.056000000000000050e+01,
1.083000000000000007e+01,
1.146000000000000085e+01,
1.127999999999999936e+01,
1.165000000000000036e+01,
1.230000000000000071e+01,
1.286999999999999922e+01,
1.183999999999999986e+01,
1.202999999999999936e+01,
1.227999999999999936e+01,
1.160999999999999943e+01,
1.173000000000000043e+01,
1.202999999999999936e+01,
1.349000000000000021e+01,
1.241999999999999993e+01,
1.322000000000000064e+01,
1.358000000000000007e+01,
1.275999999999999979e+01,
1.283000000000000007e+01,
1.275000000000000000e+01,
1.281000000000000050e+01,
1.316999999999999993e+01,
1.353999999999999915e+01,
1.389000000000000057e+01,
1.422000000000000064e+01,
1.451999999999999957e+01,
1.474000000000000021e+01,
1.617000000000000171e+01,
1.485999999999999943e+01,
1.505000000000000071e+01,
1.516000000000000014e+01,
1.550999999999999979e+01,
1.577999999999999936e+01,
1.605999999999999872e+01,
1.625000000000000000e+01,
1.701999999999999957e+01,
1.628000000000000114e+01,
1.608999999999999986e+01,
1.635000000000000142e+01,
1.855000000000000071e+01,
1.791000000000000014e+01,
1.716000000000000014e+01,
1.873000000000000043e+01,
1.794999999999999929e+01,
1.832000000000000028e+01,
1.869999999999999929e+01,
1.889000000000000057e+01,
1.891000000000000014e+01,
1.885999999999999943e+01,
1.891000000000000014e+01,
1.901999999999999957e+01,
1.978000000000000114e+01,
2.066000000000000014e+01,
1.857999999999999829e+01,
1.887999999999999901e+01,
1.873999999999999844e+01,
2.114000000000000057e+01,
1.896000000000000085e+01,
2.103999999999999915e+01,
1.878000000000000114e+01,
2.125000000000000000e+01,
1.853999999999999915e+01,
2.119000000000000128e+01,
1.862999999999999901e+01,
1.869999999999999929e+01,
1.898000000000000043e+01,
1.907999999999999829e+01,
1.971999999999999886e+01,
2.005000000000000071e+01,
2.003999999999999915e+01,
2.071999999999999886e+01,
2.157000000000000028e+01,
2.032999999999999829e+01,
2.071999999999999886e+01,
2.014999999999999858e+01,
1.803000000000000114e+01,
1.805999999999999872e+01,
1.864000000000000057e+01,
1.851000000000000156e+01,
1.898999999999999844e+01,
1.857000000000000028e+01,
1.875000000000000000e+01,
1.842999999999999972e+01,
1.901999999999999957e+01,
1.878999999999999915e+01,
1.896000000000000085e+01,
1.891000000000000014e+01,
2.037999999999999901e+01,
1.889999999999999858e+01,
1.919000000000000128e+01,
1.869000000000000128e+01,
1.812000000000000099e+01,
1.825000000000000000e+01,
1.923999999999999844e+01,
2.051999999999999957e+01,
2.058999999999999986e+01,
2.069000000000000128e+01,
1.892000000000000171e+01,
1.923000000000000043e+01,
1.955000000000000071e+01,
1.962999999999999901e+01,
1.976000000000000156e+01,
1.971000000000000085e+01,
1.951000000000000156e+01,
1.975000000000000000e+01,
2.005000000000000071e+01,
1.992000000000000171e+01,
2.001000000000000156e+01,
2.246000000000000085e+01,
2.041000000000000014e+01,
2.010999999999999943e+01,
2.201000000000000156e+01,
1.998999999999999844e+01,
1.989000000000000057e+01,
1.976000000000000156e+01,
1.973000000000000043e+01,
1.967999999999999972e+01,
1.953999999999999915e+01,
1.932999999999999829e+01,
1.932000000000000028e+01,
1.907000000000000028e+01,
8.380000000000000782e+00,
8.130000000000000782e+00,
8.330000000000000071e+00,
8.830000000000000071e+00,
8.529999999999999361e+00,
8.570000000000000284e+00,
8.619999999999999218e+00,
8.519999999999999574e+00,
8.339999999999999858e+00,
8.650000000000000355e+00,
8.490000000000000213e+00,
7.990000000000000213e+00,
8.189999999999999503e+00,
8.400000000000000355e+00,
8.029999999999999361e+00,
8.509999999999999787e+00,
8.640000000000000568e+00,
9.689999999999999503e+00,
9.119999999999999218e+00,
9.789999999999999147e+00,
9.869999999999999218e+00,
9.910000000000000142e+00,
8.880000000000000782e+00,
9.390000000000000568e+00,
9.800000000000000711e+00,
1.007000000000000028e+01,
1.084999999999999964e+01,
1.074000000000000021e+01,
1.043999999999999950e+01,
1.082000000000000028e+01,
1.083000000000000007e+01,
1.034999999999999964e+01,
1.039000000000000057e+01,
1.056000000000000050e+01,
1.083000000000000007e+01,
1.146000000000000085e+01,
1.127999999999999936e+01,
1.165000000000000036e+01,
1.230000000000000071e+01,
1.286999999999999922e+01,
1.183999999999999986e+01,
1.202999999999999936e+01,
1.227999999999999936e+01,
1.160999999999999943e+01,
1.173000000000000043e+01,
1.202999999999999936e+01,
1.349000000000000021e+01,
1.241999999999999993e+01,
1.322000000000000064e+01,
1.358000000000000007e+01,
1.313000000000000078e+01,
1.271000000000000085e+01,
1.360999999999999943e+01,
1.253999999999999915e+01,
1.410999999999999943e+01,
1.438000000000000078e+01,
1.351999999999999957e+01,
1.491000000000000014e+01,
1.519999999999999929e+01,
1.425999999999999979e+01,
1.444999999999999929e+01,
1.473000000000000043e+01,
1.607999999999999829e+01,
1.491000000000000014e+01,
1.527999999999999936e+01,
1.578999999999999915e+01,
1.612000000000000099e+01,
1.617999999999999972e+01,
1.766000000000000014e+01,
1.612000000000000099e+01,
1.598000000000000043e+01,
1.614999999999999858e+01,
1.662000000000000099e+01,
1.717999999999999972e+01,
1.758999999999999986e+01,
1.798000000000000043e+01,
1.839000000000000057e+01,
2.053000000000000114e+01,
1.871999999999999886e+01,
2.046000000000000085e+01,
1.823000000000000043e+01,
1.842999999999999972e+01,
2.048000000000000043e+01,
1.862999999999999901e+01,
1.878999999999999915e+01,
1.907000000000000028e+01,
1.891000000000000014e+01,
1.898000000000000043e+01,
1.898000000000000043e+01,
1.907000000000000028e+01,
1.907999999999999829e+01,
1.896999999999999886e+01,
1.891000000000000014e+01,
1.896000000000000085e+01,
1.892000000000000171e+01,
1.891000000000000014e+01,
1.905000000000000071e+01,
1.926999999999999957e+01,
1.955000000000000071e+01,
2.100000000000000000e+01,
1.978999999999999915e+01,
2.012999999999999901e+01,
2.137000000000000099e+01,
2.046000000000000085e+01,
2.057000000000000028e+01,
2.035999999999999943e+01,
1.996999999999999886e+01,
1.885000000000000142e+01,
1.823999999999999844e+01,
2.251999999999999957e+01,
1.987999999999999901e+01,
2.205999999999999872e+01,
1.835999999999999943e+01,
2.137999999999999901e+01,
1.819999999999999929e+01,
2.142999999999999972e+01,
1.821999999999999886e+01,
1.944999999999999929e+01,
1.839999999999999858e+01,
2.119000000000000128e+01,
1.846000000000000085e+01,
2.103000000000000114e+01,
1.930999999999999872e+01,
2.037999999999999901e+01,
1.814999999999999858e+01,
2.089999999999999858e+01,
2.114999999999999858e+01,
1.814999999999999858e+01,
1.837999999999999901e+01,
1.857999999999999829e+01,
1.875000000000000000e+01,
1.998000000000000043e+01,
1.980999999999999872e+01,
1.969999999999999929e+01,
1.967999999999999972e+01,
1.976000000000000156e+01,
1.991000000000000014e+01,
2.007000000000000028e+01,
2.037999999999999901e+01,
2.042999999999999972e+01,
2.060000000000000142e+01,
2.046000000000000085e+01,
2.021999999999999886e+01,
2.014999999999999858e+01,
2.014999999999999858e+01,
2.021999999999999886e+01,
2.026000000000000156e+01,
2.012999999999999901e+01,
1.991000000000000014e+01,
1.982999999999999829e+01,
2.082999999999999829e+01,
2.053000000000000114e+01,
1.896000000000000085e+01,
1.889999999999999858e+01,
8.380000000000000782e+00,
8.130000000000000782e+00,
8.330000000000000071e+00,
8.830000000000000071e+00,
8.529999999999999361e+00,
8.570000000000000284e+00,
8.619999999999999218e+00,
8.519999999999999574e+00,
8.339999999999999858e+00,
8.650000000000000355e+00,
8.490000000000000213e+00,
7.990000000000000213e+00,
8.189999999999999503e+00,
8.400000000000000355e+00,
8.029999999999999361e+00,
8.509999999999999787e+00,
8.640000000000000568e+00,
9.689999999999999503e+00,
9.119999999999999218e+00,
9.789999999999999147e+00,
9.869999999999999218e+00,
9.910000000000000142e+00,
8.880000000000000782e+00,
9.390000000000000568e+00,
9.800000000000000711e+00,
1.007000000000000028e+01,
1.084999999999999964e+01,
1.074000000000000021e+01,
1.043999999999999950e+01,
1.082000000000000028e+01,
1.083000000000000007e+01,
1.034999999999999964e+01,
1.039000000000000057e+01,
1.056000000000000050e+01,
1.083000000000000007e+01,
1.146000000000000085e+01,
1.127999999999999936e+01,
1.165000000000000036e+01,
1.230000000000000071e+01,
1.286999999999999922e+01,
1.183999999999999986e+01,
1.202999999999999936e+01,
1.227999999999999936e+01,
1.160999999999999943e+01,
1.173000000000000043e+01,
1.202999999999999936e+01,
1.349000000000000021e+01,
1.241999999999999993e+01,
1.322000000000000064e+01,
1.358000000000000007e+01,
1.275999999999999979e+01,
1.283000000000000007e+01,
1.275000000000000000e+01,
1.281000000000000050e+01,
1.316999999999999993e+01,
1.353999999999999915e+01,
1.389000000000000057e+01,
1.422000000000000064e+01,
1.451999999999999957e+01,
1.474000000000000021e+01,
1.617000000000000171e+01,
1.485999999999999943e+01,
1.505000000000000071e+01,
1.516000000000000014e+01,
1.550999999999999979e+01,
1.577999999999999936e+01,
1.605999999999999872e+01,
1.625000000000000000e+01,
1.701999999999999957e+01,
1.767000000000000171e+01,
1.598000000000000043e+01,
1.612000000000000099e+01,
1.653999999999999915e+01,
1.689000000000000057e+01,
1.964000000000000057e+01,
1.776000000000000156e+01,
1.771999999999999886e+01,
2.048999999999999844e+01,
2.046999999999999886e+01,
1.803999999999999915e+01,
1.871000000000000085e+01,
1.878999999999999915e+01,
1.848999999999999844e+01,
1.878000000000000114e+01,
1.912000000000000099e+01,
1.898999999999999844e+01,
1.905999999999999872e+01,
1.901000000000000156e+01,
1.900000000000000000e+01,
1.912999999999999901e+01,
1.910999999999999943e+01,
1.973000000000000043e+01,
1.885000000000000142e+01,
1.880999999999999872e+01,
1.883999999999999986e+01,
1.896999999999999886e+01,
1.887999999999999901e+01,
1.933999999999999986e+01,
1.957999999999999829e+01,
2.100000000000000000e+01,
1.975000000000000000e+01,
2.012000000000000099e+01,
2.137000000000000099e+01,
2.044999999999999929e+01,
2.051999999999999957e+01,
2.035999999999999943e+01,
1.996999999999999886e+01,
1.885999999999999943e+01,
1.823000000000000043e+01,
2.251000000000000156e+01,
1.987999999999999901e+01,
2.205000000000000071e+01,
1.835999999999999943e+01,
2.137999999999999901e+01,
1.819999999999999929e+01,
2.142999999999999972e+01,
1.821999999999999886e+01,
1.944999999999999929e+01,
1.839999999999999858e+01,
2.117999999999999972e+01,
1.846000000000000085e+01,
2.101999999999999957e+01,
1.930999999999999872e+01,
2.037999999999999901e+01,
1.814000000000000057e+01,
2.089999999999999858e+01,
2.114999999999999858e+01,
1.814999999999999858e+01,
1.837999999999999901e+01,
1.857999999999999829e+01,
1.875000000000000000e+01,
1.998000000000000043e+01,
1.980999999999999872e+01,
1.969999999999999929e+01,
1.967999999999999972e+01,
1.976000000000000156e+01,
1.991000000000000014e+01,
2.007000000000000028e+01,
2.037999999999999901e+01,
2.042999999999999972e+01,
2.060000000000000142e+01,
2.046999999999999886e+01,
2.021000000000000085e+01,
2.014999999999999858e+01,
2.010000000000000142e+01,
2.016000000000000014e+01,
2.026000000000000156e+01,
2.012999999999999901e+01,
1.991000000000000014e+01,
1.982999999999999829e+01,
2.082999999999999829e+01,
2.053000000000000114e+01,
1.896000000000000085e+01,
1.889999999999999858e+01,
