8.900000000000000355e+00,
8.599999999999999645e+00,
8.699999999999999289e+00,
8.599999999999999645e+00,
8.199999999999999289e+00,
7.799999999999999822e+00,
7.400000000000000355e+00,
7.599999999999999645e+00,
7.599999999999999645e+00,
7.500000000000000000e+00,
7.900000000000000355e+00,
8.300000000000000711e+00,
8.699999999999999289e+00,
9.199999999999999289e+00,
9.099999999999999645e+00,
8.699999999999999289e+00,
8.800000000000000711e+00,
8.800000000000000711e+00,
8.800000000000000711e+00,
9.099999999999999645e+00,
9.300000000000000711e+00,
9.699999999999999289e+00,
1.019999999999999929e+01,
1.059999999999999964e+01,
1.100000000000000000e+01,
1.080000000000000071e+01,
1.019999999999999929e+01,
1.009999999999999964e+01,
9.900000000000000355e+00,
9.800000000000000711e+00,
9.900000000000000355e+00,
1.050000000000000000e+01,
1.090000000000000036e+01,
1.100000000000000000e+01,
1.150000000000000000e+01,
1.169999999999999929e+01,
1.190000000000000036e+01,
1.209999999999999964e+01,
1.180000000000000071e+01,
1.109999999999999964e+01,
1.090000000000000036e+01,
1.119999999999999929e+01,
1.159999999999999964e+01,
1.230000000000000071e+01,
1.280000000000000071e+01,
1.269999999999999929e+01,
1.250000000000000000e+01,
1.230000000000000071e+01,
1.259999999999999964e+01,
1.209999999999999964e+01,
1.169999999999999929e+01,
1.209999999999999964e+01,
1.300000000000000000e+01,
1.359999999999999964e+01,
1.400000000000000000e+01,
1.400000000000000000e+01,
1.440000000000000036e+01,
1.480000000000000071e+01,
1.469999999999999929e+01,
1.469999999999999929e+01,
1.459999999999999964e+01,
1.459999999999999964e+01,
1.530000000000000071e+01,
1.600000000000000000e+01,
1.630000000000000071e+01,
1.619999999999999929e+01,
1.600000000000000000e+01,
1.530000000000000071e+01,
1.509999999999999964e+01,
1.580000000000000071e+01,
1.710000000000000142e+01,
1.810000000000000142e+01,
1.889999999999999858e+01,
1.930000000000000071e+01,
1.930000000000000071e+01,
1.939999999999999858e+01,
1.889999999999999858e+01,
1.850000000000000000e+01,
1.830000000000000071e+01,
1.850000000000000000e+01,
1.889999999999999858e+01,
1.910000000000000142e+01,
1.860000000000000142e+01,
1.819999999999999929e+01,
1.869999999999999929e+01,
1.850000000000000000e+01,
1.869999999999999929e+01,
1.860000000000000142e+01,
1.819999999999999929e+01,
1.819999999999999929e+01,
1.839999999999999858e+01,
1.860000000000000142e+01,
1.819999999999999929e+01,
1.880000000000000071e+01,
8.900000000000000355e+00,
8.599999999999999645e+00,
8.699999999999999289e+00,
8.599999999999999645e+00,
8.199999999999999289e+00,
7.799999999999999822e+00,
7.400000000000000355e+00,
7.599999999999999645e+00,
7.599999999999999645e+00,
7.500000000000000000e+00,
7.900000000000000355e+00,
8.300000000000000711e+00,
8.699999999999999289e+00,
9.199999999999999289e+00,
9.099999999999999645e+00,
8.699999999999999289e+00,
8.800000000000000711e+00,
8.800000000000000711e+00,
8.800000000000000711e+00,
9.099999999999999645e+00,
9.300000000000000711e+00,
9.699999999999999289e+00,
1.019999999999999929e+01,
1.059999999999999964e+01,
1.100000000000000000e+01,
1.080000000000000071e+01,
1.019999999999999929e+01,
1.009999999999999964e+01,
9.900000000000000355e+00,
9.800000000000000711e+00,
9.900000000000000355e+00,
1.050000000000000000e+01,
1.090000000000000036e+01,
1.100000000000000000e+01,
1.150000000000000000e+01,
1.169999999999999929e+01,
1.190000000000000036e+01,
1.209999999999999964e+01,
1.180000000000000071e+01,
1.109999999999999964e+01,
1.090000000000000036e+01,
1.119999999999999929e+01,
1.159999999999999964e+01,
1.230000000000000071e+01,
1.280000000000000071e+01,
1.269999999999999929e+01,
1.250000000000000000e+01,
1.230000000000000071e+01,
1.259999999999999964e+01,
1.209999999999999964e+01,
1.169999999999999929e+01,
1.209999999999999964e+01,
1.300000000000000000e+01,
1.359999999999999964e+01,
1.400000000000000000e+01,
1.400000000000000000e+01,
1.440000000000000036e+01,
1.480000000000000071e+01,
1.469999999999999929e+01,
1.469999999999999929e+01,
1.459999999999999964e+01,
1.459999999999999964e+01,
1.530000000000000071e+01,
1.600000000000000000e+01,
1.630000000000000071e+01,
1.619999999999999929e+01,
1.600000000000000000e+01,
1.530000000000000071e+01,
1.509999999999999964e+01,
1.580000000000000071e+01,
1.710000000000000142e+01,
1.810000000000000142e+01,
1.889999999999999858e+01,
1.930000000000000071e+01,
1.930000000000000071e+01,
1.939999999999999858e+01,
1.889999999999999858e+01,
1.850000000000000000e+01,
1.830000000000000071e+01,
1.850000000000000000e+01,
1.889999999999999858e+01,
1.910000000000000142e+01,
1.860000000000000142e+01,
1.819999999999999929e+01,
1.869999999999999929e+01,
1.850000000000000000e+01,
1.869999999999999929e+01,
1.860000000000000142e+01,
1.819999999999999929e+01,
1.819999999999999929e+01,
1.839999999999999858e+01,
1.860000000000000142e+01,
1.819999999999999929e+01,
1.880000000000000071e+01,
1.930000000000000071e+01,
1.969999999999999929e+01,
2.069999999999999929e+01,
2.160000000000000142e+01,
2.150000000000000000e+01,
2.110000000000000142e+01,
2.069999999999999929e+01,
2.000000000000000000e+01,
2.000000000000000000e+01,
1.950000000000000000e+01,
1.800000000000000000e+01,
1.700000000000000000e+01,
1.669999999999999929e+01,
1.739999999999999858e+01,
1.810000000000000142e+01,
1.880000000000000071e+01,
1.830000000000000071e+01,
1.760000000000000142e+01,
1.800000000000000000e+01,
1.839999999999999858e+01,
1.839999999999999858e+01,
1.850000000000000000e+01,
1.850000000000000000e+01,
1.810000000000000142e+01,
1.880000000000000071e+01,
1.889999999999999858e+01,
1.819999999999999929e+01,
1.689999999999999858e+01,
1.689999999999999858e+01,
1.839999999999999858e+01,
1.939999999999999858e+01,
1.969999999999999929e+01,
1.910000000000000142e+01,
1.919999999999999929e+01,
1.969999999999999929e+01,
1.960000000000000142e+01,
1.900000000000000000e+01,
1.889999999999999858e+01,
1.910000000000000142e+01,
1.939999999999999858e+01,
1.960000000000000142e+01,
1.960000000000000142e+01,
1.989999999999999858e+01,
2.039999999999999858e+01,
2.119999999999999929e+01,
1.969999999999999929e+01,
1.930000000000000071e+01,
1.919999999999999929e+01,
1.910000000000000142e+01,
1.900000000000000000e+01,
1.930000000000000071e+01,
1.919999999999999929e+01,
1.880000000000000071e+01,
1.839999999999999858e+01,
1.830000000000000071e+01,
1.850000000000000000e+01,
1.880000000000000071e+01,
1.880000000000000071e+01,
1.869999999999999929e+01,
1.860000000000000142e+01,
8.900000000000000355e+00,
8.599999999999999645e+00,
8.699999999999999289e+00,
8.599999999999999645e+00,
8.199999999999999289e+00,
7.799999999999999822e+00,
7.400000000000000355e+00,
7.599999999999999645e+00,
7.599999999999999645e+00,
7.500000000000000000e+00,
7.900000000000000355e+00,
8.300000000000000711e+00,
8.699999999999999289e+00,
9.199999999999999289e+00,
9.099999999999999645e+00,
8.699999999999999289e+00,
8.800000000000000711e+00,
8.800000000000000711e+00,
8.800000000000000711e+00,
9.099999999999999645e+00,
9.300000000000000711e+00,
9.699999999999999289e+00,
1.019999999999999929e+01,
1.059999999999999964e+01,
1.100000000000000000e+01,
1.080000000000000071e+01,
1.019999999999999929e+01,
1.009999999999999964e+01,
9.900000000000000355e+00,
9.800000000000000711e+00,
9.900000000000000355e+00,
1.050000000000000000e+01,
1.090000000000000036e+01,
1.100000000000000000e+01,
1.150000000000000000e+01,
1.169999999999999929e+01,
1.190000000000000036e+01,
1.209999999999999964e+01,
1.180000000000000071e+01,
1.109999999999999964e+01,
1.090000000000000036e+01,
1.119999999999999929e+01,
1.159999999999999964e+01,
1.230000000000000071e+01,
1.280000000000000071e+01,
1.269999999999999929e+01,
1.250000000000000000e+01,
1.230000000000000071e+01,
1.259999999999999964e+01,
1.209999999999999964e+01,
1.169999999999999929e+01,
1.209999999999999964e+01,
1.300000000000000000e+01,
1.359999999999999964e+01,
1.400000000000000000e+01,
1.400000000000000000e+01,
1.440000000000000036e+01,
1.480000000000000071e+01,
1.469999999999999929e+01,
1.469999999999999929e+01,
1.459999999999999964e+01,
1.459999999999999964e+01,
1.530000000000000071e+01,
1.600000000000000000e+01,
1.630000000000000071e+01,
1.619999999999999929e+01,
1.600000000000000000e+01,
1.530000000000000071e+01,
1.509999999999999964e+01,
1.580000000000000071e+01,
1.710000000000000142e+01,
1.810000000000000142e+01,
1.889999999999999858e+01,
1.930000000000000071e+01,
1.930000000000000071e+01,
1.939999999999999858e+01,
1.889999999999999858e+01,
1.850000000000000000e+01,
1.830000000000000071e+01,
1.850000000000000000e+01,
1.889999999999999858e+01,
1.910000000000000142e+01,
1.860000000000000142e+01,
1.819999999999999929e+01,
1.869999999999999929e+01,
1.850000000000000000e+01,
1.869999999999999929e+01,
1.860000000000000142e+01,
1.819999999999999929e+01,
1.819999999999999929e+01,
1.839999999999999858e+01,
1.860000000000000142e+01,
1.819999999999999929e+01,
1.880000000000000071e+01,
1.930000000000000071e+01,
1.969999999999999929e+01,
2.069999999999999929e+01,
2.160000000000000142e+01,
2.150000000000000000e+01,
2.110000000000000142e+01,
2.069999999999999929e+01,
2.000000000000000000e+01,
2.000000000000000000e+01,
1.950000000000000000e+01,
1.800000000000000000e+01,
1.700000000000000000e+01,
1.669999999999999929e+01,
1.739999999999999858e+01,
1.810000000000000142e+01,
1.880000000000000071e+01,
1.830000000000000071e+01,
1.760000000000000142e+01,
1.800000000000000000e+01,
1.839999999999999858e+01,
1.839999999999999858e+01,
1.850000000000000000e+01,
1.850000000000000000e+01,
1.810000000000000142e+01,
1.880000000000000071e+01,
1.889999999999999858e+01,
1.819999999999999929e+01,
1.689999999999999858e+01,
1.689999999999999858e+01,
1.839999999999999858e+01,
1.939999999999999858e+01,
1.969999999999999929e+01,
1.910000000000000142e+01,
1.919999999999999929e+01,
1.969999999999999929e+01,
1.960000000000000142e+01,
1.900000000000000000e+01,
1.889999999999999858e+01,
1.910000000000000142e+01,
1.939999999999999858e+01,
1.960000000000000142e+01,
1.960000000000000142e+01,
1.989999999999999858e+01,
2.039999999999999858e+01,
2.119999999999999929e+01,
1.969999999999999929e+01,
1.930000000000000071e+01,
1.919999999999999929e+01,
1.910000000000000142e+01,
1.900000000000000000e+01,
1.930000000000000071e+01,
1.919999999999999929e+01,
1.880000000000000071e+01,
1.839999999999999858e+01,
1.830000000000000071e+01,
1.850000000000000000e+01,
1.880000000000000071e+01,
1.880000000000000071e+01,
1.869999999999999929e+01,
1.860000000000000142e+01,
8.900000000000000355e+00,
8.599999999999999645e+00,
8.699999999999999289e+00,
8.599999999999999645e+00,
8.199999999999999289e+00,
7.799999999999999822e+00,
7.400000000000000355e+00,
7.599999999999999645e+00,
7.599999999999999645e+00,
7.500000000000000000e+00,
7.900000000000000355e+00,
8.300000000000000711e+00,
8.699999999999999289e+00,
9.199999999999999289e+00,
9.099999999999999645e+00,
8.699999999999999289e+00,
8.800000000000000711e+00,
8.800000000000000711e+00,
8.800000000000000711e+00,
9.099999999999999645e+00,
9.300000000000000711e+00,
9.699999999999999289e+00,
1.019999999999999929e+01,
1.059999999999999964e+01,
1.100000000000000000e+01,
1.080000000000000071e+01,
1.019999999999999929e+01,
1.009999999999999964e+01,
9.900000000000000355e+00,
9.800000000000000711e+00,
9.900000000000000355e+00,
1.050000000000000000e+01,
1.090000000000000036e+01,
1.100000000000000000e+01,
1.150000000000000000e+01,
1.169999999999999929e+01,
1.190000000000000036e+01,
1.209999999999999964e+01,
1.180000000000000071e+01,
1.109999999999999964e+01,
1.090000000000000036e+01,
1.119999999999999929e+01,
1.159999999999999964e+01,
1.230000000000000071e+01,
1.280000000000000071e+01,
1.269999999999999929e+01,
1.250000000000000000e+01,
1.230000000000000071e+01,
1.259999999999999964e+01,
1.209999999999999964e+01,
1.169999999999999929e+01,
1.209999999999999964e+01,
1.300000000000000000e+01,
1.359999999999999964e+01,
1.400000000000000000e+01,
1.400000000000000000e+01,
1.440000000000000036e+01,
1.480000000000000071e+01,
1.469999999999999929e+01,
1.469999999999999929e+01,
1.459999999999999964e+01,
1.459999999999999964e+01,
1.530000000000000071e+01,
1.600000000000000000e+01,
1.630000000000000071e+01,
1.619999999999999929e+01,
1.600000000000000000e+01,
1.530000000000000071e+01,
1.509999999999999964e+01,
1.580000000000000071e+01,
1.710000000000000142e+01,
1.810000000000000142e+01,
1.889999999999999858e+01,
1.930000000000000071e+01,
1.930000000000000071e+01,
1.939999999999999858e+01,
1.889999999999999858e+01,
1.850000000000000000e+01,
1.830000000000000071e+01,
1.850000000000000000e+01,
1.889999999999999858e+01,
1.910000000000000142e+01,
1.860000000000000142e+01,
1.819999999999999929e+01,
1.869999999999999929e+01,
1.850000000000000000e+01,
1.869999999999999929e+01,
1.860000000000000142e+01,
1.819999999999999929e+01,
1.819999999999999929e+01,
1.839999999999999858e+01,
1.860000000000000142e+01,
1.819999999999999929e+01,
1.880000000000000071e+01,
1.930000000000000071e+01,
1.969999999999999929e+01,
2.069999999999999929e+01,
2.160000000000000142e+01,
2.150000000000000000e+01,
2.110000000000000142e+01,
2.069999999999999929e+01,
2.000000000000000000e+01,
2.000000000000000000e+01,
1.950000000000000000e+01,
1.800000000000000000e+01,
1.700000000000000000e+01,
1.669999999999999929e+01,
1.739999999999999858e+01,
1.810000000000000142e+01,
1.880000000000000071e+01,
1.830000000000000071e+01,
1.760000000000000142e+01,
1.800000000000000000e+01,
1.839999999999999858e+01,
1.839999999999999858e+01,
1.850000000000000000e+01,
1.850000000000000000e+01,
1.810000000000000142e+01,
1.880000000000000071e+01,
1.889999999999999858e+01,
1.819999999999999929e+01,
1.689999999999999858e+01,
1.689999999999999858e+01,
1.839999999999999858e+01,
1.939999999999999858e+01,
1.969999999999999929e+01,
1.910000000000000142e+01,
1.919999999999999929e+01,
1.969999999999999929e+01,
1.960000000000000142e+01,
1.900000000000000000e+01,
1.889999999999999858e+01,
1.910000000000000142e+01,
1.939999999999999858e+01,
1.960000000000000142e+01,
1.960000000000000142e+01,
1.989999999999999858e+01,
2.039999999999999858e+01,
2.119999999999999929e+01,
1.969999999999999929e+01,
1.930000000000000071e+01,
1.919999999999999929e+01,
1.910000000000000142e+01,
1.900000000000000000e+01,
1.930000000000000071e+01,
1.919999999999999929e+01,
1.880000000000000071e+01,
1.839999999999999858e+01,
1.830000000000000071e+01,
1.850000000000000000e+01,
1.880000000000000071e+01,
1.880000000000000071e+01,
1.869999999999999929e+01,
1.860000000000000142e+01,
8.900000000000000355e+00,
8.599999999999999645e+00,
8.699999999999999289e+00,
8.599999999999999645e+00,
8.199999999999999289e+00,
7.799999999999999822e+00,
7.400000000000000355e+00,
7.599999999999999645e+00,
7.599999999999999645e+00,
7.500000000000000000e+00,
7.900000000000000355e+00,
8.300000000000000711e+00,
8.699999999999999289e+00,
9.199999999999999289e+00,
9.099999999999999645e+00,
8.699999999999999289e+00,
8.800000000000000711e+00,
8.800000000000000711e+00,
8.800000000000000711e+00,
9.099999999999999645e+00,
9.300000000000000711e+00,
9.699999999999999289e+00,
1.019999999999999929e+01,
1.059999999999999964e+01,
1.100000000000000000e+01,
1.080000000000000071e+01,
1.019999999999999929e+01,
1.009999999999999964e+01,
9.900000000000000355e+00,
9.800000000000000711e+00,
9.900000000000000355e+00,
1.050000000000000000e+01,
1.090000000000000036e+01,
1.100000000000000000e+01,
1.150000000000000000e+01,
1.169999999999999929e+01,
1.190000000000000036e+01,
1.209999999999999964e+01,
1.180000000000000071e+01,
1.109999999999999964e+01,
1.090000000000000036e+01,
1.119999999999999929e+01,
1.159999999999999964e+01,
1.230000000000000071e+01,
1.280000000000000071e+01,
1.269999999999999929e+01,
1.250000000000000000e+01,
1.230000000000000071e+01,
1.259999999999999964e+01,
1.209999999999999964e+01,
1.169999999999999929e+01,
1.209999999999999964e+01,
1.300000000000000000e+01,
1.359999999999999964e+01,
1.400000000000000000e+01,
1.400000000000000000e+01,
1.440000000000000036e+01,
1.480000000000000071e+01,
1.469999999999999929e+01,
1.469999999999999929e+01,
1.459999999999999964e+01,
1.459999999999999964e+01,
1.530000000000000071e+01,
1.600000000000000000e+01,
1.630000000000000071e+01,
1.619999999999999929e+01,
1.600000000000000000e+01,
1.530000000000000071e+01,
1.509999999999999964e+01,
1.580000000000000071e+01,
1.710000000000000142e+01,
1.810000000000000142e+01,
1.889999999999999858e+01,
1.930000000000000071e+01,
1.930000000000000071e+01,
1.939999999999999858e+01,
1.889999999999999858e+01,
1.850000000000000000e+01,
1.830000000000000071e+01,
1.850000000000000000e+01,
1.889999999999999858e+01,
1.910000000000000142e+01,
1.860000000000000142e+01,
1.819999999999999929e+01,
1.869999999999999929e+01,
1.850000000000000000e+01,
1.869999999999999929e+01,
1.860000000000000142e+01,
1.819999999999999929e+01,
1.819999999999999929e+01,
1.839999999999999858e+01,
1.860000000000000142e+01,
1.819999999999999929e+01,
1.880000000000000071e+01,
1.930000000000000071e+01,
1.969999999999999929e+01,
2.069999999999999929e+01,
2.160000000000000142e+01,
2.150000000000000000e+01,
2.110000000000000142e+01,
2.069999999999999929e+01,
2.000000000000000000e+01,
2.000000000000000000e+01,
1.950000000000000000e+01,
1.800000000000000000e+01,
1.700000000000000000e+01,
1.669999999999999929e+01,
1.739999999999999858e+01,
1.810000000000000142e+01,
1.880000000000000071e+01,
1.830000000000000071e+01,
1.760000000000000142e+01,
1.800000000000000000e+01,
1.839999999999999858e+01,
1.839999999999999858e+01,
1.850000000000000000e+01,
1.850000000000000000e+01,
1.810000000000000142e+01,
1.880000000000000071e+01,
1.889999999999999858e+01,
1.819999999999999929e+01,
1.689999999999999858e+01,
1.689999999999999858e+01,
1.839999999999999858e+01,
1.939999999999999858e+01,
1.969999999999999929e+01,
1.910000000000000142e+01,
1.919999999999999929e+01,
1.969999999999999929e+01,
1.960000000000000142e+01,
1.900000000000000000e+01,
1.889999999999999858e+01,
1.910000000000000142e+01,
1.939999999999999858e+01,
1.960000000000000142e+01,
1.960000000000000142e+01,
1.989999999999999858e+01,
2.039999999999999858e+01,
2.119999999999999929e+01,
1.969999999999999929e+01,
1.930000000000000071e+01,
1.919999999999999929e+01,
1.910000000000000142e+01,
1.900000000000000000e+01,
1.930000000000000071e+01,
1.919999999999999929e+01,
1.880000000000000071e+01,
1.839999999999999858e+01,
1.830000000000000071e+01,
1.850000000000000000e+01,
1.880000000000000071e+01,
1.880000000000000071e+01,
1.869999999999999929e+01,
1.860000000000000142e+01,
8.900000000000000355e+00,
8.599999999999999645e+00,
8.699999999999999289e+00,
8.599999999999999645e+00,
8.199999999999999289e+00,
7.799999999999999822e+00,
7.400000000000000355e+00,
7.599999999999999645e+00,
7.599999999999999645e+00,
7.500000000000000000e+00,
7.900000000000000355e+00,
8.300000000000000711e+00,
8.699999999999999289e+00,
9.199999999999999289e+00,
9.099999999999999645e+00,
8.699999999999999289e+00,
8.800000000000000711e+00,
8.800000000000000711e+00,
8.800000000000000711e+00,
9.099999999999999645e+00,
9.300000000000000711e+00,
9.699999999999999289e+00,
1.019999999999999929e+01,
1.059999999999999964e+01,
1.100000000000000000e+01,
1.080000000000000071e+01,
1.019999999999999929e+01,
1.009999999999999964e+01,
9.900000000000000355e+00,
9.800000000000000711e+00,
9.900000000000000355e+00,
1.050000000000000000e+01,
1.090000000000000036e+01,
1.100000000000000000e+01,
1.150000000000000000e+01,
1.169999999999999929e+01,
1.190000000000000036e+01,
1.209999999999999964e+01,
1.180000000000000071e+01,
1.109999999999999964e+01,
1.090000000000000036e+01,
1.119999999999999929e+01,
1.159999999999999964e+01,
1.230000000000000071e+01,
1.280000000000000071e+01,
1.269999999999999929e+01,
1.250000000000000000e+01,
1.230000000000000071e+01,
1.259999999999999964e+01,
1.209999999999999964e+01,
1.169999999999999929e+01,
1.209999999999999964e+01,
1.300000000000000000e+01,
1.359999999999999964e+01,
1.400000000000000000e+01,
1.400000000000000000e+01,
1.440000000000000036e+01,
1.480000000000000071e+01,
1.469999999999999929e+01,
1.469999999999999929e+01,
1.459999999999999964e+01,
1.459999999999999964e+01,
1.530000000000000071e+01,
1.600000000000000000e+01,
1.630000000000000071e+01,
1.619999999999999929e+01,
1.600000000000000000e+01,
1.530000000000000071e+01,
1.509999999999999964e+01,
1.580000000000000071e+01,
1.710000000000000142e+01,
1.810000000000000142e+01,
1.889999999999999858e+01,
1.930000000000000071e+01,
1.930000000000000071e+01,
1.939999999999999858e+01,
1.889999999999999858e+01,
1.850000000000000000e+01,
1.830000000000000071e+01,
1.850000000000000000e+01,
1.889999999999999858e+01,
1.910000000000000142e+01,
1.860000000000000142e+01,
1.819999999999999929e+01,
1.869999999999999929e+01,
1.850000000000000000e+01,
1.869999999999999929e+01,
1.860000000000000142e+01,
1.819999999999999929e+01,
1.819999999999999929e+01,
1.839999999999999858e+01,
1.860000000000000142e+01,
1.819999999999999929e+01,
1.880000000000000071e+01,
1.930000000000000071e+01,
1.969999999999999929e+01,
2.069999999999999929e+01,
2.160000000000000142e+01,
2.150000000000000000e+01,
2.110000000000000142e+01,
2.069999999999999929e+01,
2.000000000000000000e+01,
2.000000000000000000e+01,
1.950000000000000000e+01,
1.800000000000000000e+01,
1.700000000000000000e+01,
1.669999999999999929e+01,
1.739999999999999858e+01,
1.810000000000000142e+01,
1.880000000000000071e+01,
1.830000000000000071e+01,
1.760000000000000142e+01,
1.800000000000000000e+01,
1.839999999999999858e+01,
1.839999999999999858e+01,
1.850000000000000000e+01,
1.850000000000000000e+01,
1.810000000000000142e+01,
1.880000000000000071e+01,
1.889999999999999858e+01,
1.819999999999999929e+01,
1.689999999999999858e+01,
1.689999999999999858e+01,
1.839999999999999858e+01,
1.939999999999999858e+01,
1.969999999999999929e+01,
1.910000000000000142e+01,
1.919999999999999929e+01,
1.969999999999999929e+01,
1.960000000000000142e+01,
1.900000000000000000e+01,
1.889999999999999858e+01,
1.910000000000000142e+01,
1.939999999999999858e+01,
1.960000000000000142e+01,
1.960000000000000142e+01,
1.989999999999999858e+01,
2.039999999999999858e+01,
2.119999999999999929e+01,
1.969999999999999929e+01,
1.930000000000000071e+01,
1.919999999999999929e+01,
1.910000000000000142e+01,
1.900000000000000000e+01,
1.930000000000000071e+01,
1.919999999999999929e+01,
1.880000000000000071e+01,
1.839999999999999858e+01,
1.830000000000000071e+01,
1.850000000000000000e+01,
1.880000000000000071e+01,
1.880000000000000071e+01,
1.869999999999999929e+01,
1.860000000000000142e+01,
8.900000000000000355e+00,
8.599999999999999645e+00,
8.699999999999999289e+00,
8.599999999999999645e+00,
8.199999999999999289e+00,
7.799999999999999822e+00,
7.400000000000000355e+00,
7.599999999999999645e+00,
7.599999999999999645e+00,
7.500000000000000000e+00,
7.900000000000000355e+00,
8.300000000000000711e+00,
8.699999999999999289e+00,
9.199999999999999289e+00,
9.099999999999999645e+00,
8.699999999999999289e+00,
8.800000000000000711e+00,
8.800000000000000711e+00,
8.800000000000000711e+00,
9.099999999999999645e+00,
9.300000000000000711e+00,
9.699999999999999289e+00,
1.019999999999999929e+01,
1.059999999999999964e+01,
1.100000000000000000e+01,
1.080000000000000071e+01,
1.019999999999999929e+01,
1.009999999999999964e+01,
9.900000000000000355e+00,
9.800000000000000711e+00,
9.900000000000000355e+00,
1.050000000000000000e+01,
1.090000000000000036e+01,
1.100000000000000000e+01,
1.150000000000000000e+01,
1.169999999999999929e+01,
1.190000000000000036e+01,
1.209999999999999964e+01,
1.180000000000000071e+01,
1.109999999999999964e+01,
1.090000000000000036e+01,
1.119999999999999929e+01,
1.159999999999999964e+01,
1.230000000000000071e+01,
1.280000000000000071e+01,
1.269999999999999929e+01,
1.250000000000000000e+01,
1.230000000000000071e+01,
1.259999999999999964e+01,
1.209999999999999964e+01,
1.169999999999999929e+01,
1.209999999999999964e+01,
1.300000000000000000e+01,
1.359999999999999964e+01,
1.400000000000000000e+01,
1.400000000000000000e+01,
1.440000000000000036e+01,
1.480000000000000071e+01,
1.469999999999999929e+01,
1.469999999999999929e+01,
1.459999999999999964e+01,
1.459999999999999964e+01,
1.530000000000000071e+01,
1.600000000000000000e+01,
1.630000000000000071e+01,
1.619999999999999929e+01,
1.600000000000000000e+01,
1.530000000000000071e+01,
1.509999999999999964e+01,
1.580000000000000071e+01,
1.710000000000000142e+01,
1.810000000000000142e+01,
1.889999999999999858e+01,
1.930000000000000071e+01,
1.930000000000000071e+01,
1.939999999999999858e+01,
1.889999999999999858e+01,
1.850000000000000000e+01,
1.830000000000000071e+01,
1.850000000000000000e+01,
1.889999999999999858e+01,
1.910000000000000142e+01,
1.860000000000000142e+01,
1.819999999999999929e+01,
1.869999999999999929e+01,
1.850000000000000000e+01,
1.869999999999999929e+01,
1.860000000000000142e+01,
1.819999999999999929e+01,
1.819999999999999929e+01,
1.839999999999999858e+01,
1.860000000000000142e+01,
1.819999999999999929e+01,
1.880000000000000071e+01,
1.930000000000000071e+01,
1.969999999999999929e+01,
2.069999999999999929e+01,
2.160000000000000142e+01,
2.150000000000000000e+01,
2.110000000000000142e+01,
2.069999999999999929e+01,
2.000000000000000000e+01,
2.000000000000000000e+01,
1.950000000000000000e+01,
1.800000000000000000e+01,
1.700000000000000000e+01,
1.669999999999999929e+01,
1.739999999999999858e+01,
1.810000000000000142e+01,
1.880000000000000071e+01,
1.830000000000000071e+01,
1.760000000000000142e+01,
1.800000000000000000e+01,
1.839999999999999858e+01,
1.839999999999999858e+01,
1.850000000000000000e+01,
1.850000000000000000e+01,
1.810000000000000142e+01,
1.880000000000000071e+01,
1.889999999999999858e+01,
1.819999999999999929e+01,
1.689999999999999858e+01,
1.689999999999999858e+01,
1.839999999999999858e+01,
1.939999999999999858e+01,
1.969999999999999929e+01,
1.910000000000000142e+01,
1.919999999999999929e+01,
1.969999999999999929e+01,
1.960000000000000142e+01,
1.900000000000000000e+01,
1.889999999999999858e+01,
1.910000000000000142e+01,
1.939999999999999858e+01,
1.960000000000000142e+01,
1.960000000000000142e+01,
1.989999999999999858e+01,
2.039999999999999858e+01,
2.119999999999999929e+01,
1.969999999999999929e+01,
1.930000000000000071e+01,
1.919999999999999929e+01,
1.910000000000000142e+01,
1.900000000000000000e+01,
1.930000000000000071e+01,
1.919999999999999929e+01,
1.880000000000000071e+01,
1.839999999999999858e+01,
1.830000000000000071e+01,
1.850000000000000000e+01,
1.880000000000000071e+01,
1.880000000000000071e+01,
1.869999999999999929e+01,
1.860000000000000142e+01,
8.900000000000000355e+00,
8.599999999999999645e+00,
8.699999999999999289e+00,
8.599999999999999645e+00,
8.199999999999999289e+00,
7.799999999999999822e+00,
7.400000000000000355e+00,
7.599999999999999645e+00,
7.599999999999999645e+00,
7.500000000000000000e+00,
7.900000000000000355e+00,
8.300000000000000711e+00,
8.699999999999999289e+00,
9.199999999999999289e+00,
9.099999999999999645e+00,
8.699999999999999289e+00,
8.800000000000000711e+00,
8.800000000000000711e+00,
8.800000000000000711e+00,
9.099999999999999645e+00,
9.300000000000000711e+00,
9.699999999999999289e+00,
1.019999999999999929e+01,
1.059999999999999964e+01,
1.100000000000000000e+01,
1.080000000000000071e+01,
1.019999999999999929e+01,
1.009999999999999964e+01,
9.900000000000000355e+00,
9.800000000000000711e+00,
9.900000000000000355e+00,
1.050000000000000000e+01,
1.090000000000000036e+01,
1.100000000000000000e+01,
1.150000000000000000e+01,
1.169999999999999929e+01,
1.190000000000000036e+01,
1.209999999999999964e+01,
1.180000000000000071e+01,
1.109999999999999964e+01,
1.090000000000000036e+01,
1.119999999999999929e+01,
1.159999999999999964e+01,
1.230000000000000071e+01,
1.280000000000000071e+01,
1.269999999999999929e+01,
1.250000000000000000e+01,
1.230000000000000071e+01,
1.259999999999999964e+01,
1.209999999999999964e+01,
1.169999999999999929e+01,
1.209999999999999964e+01,
1.300000000000000000e+01,
1.359999999999999964e+01,
1.400000000000000000e+01,
1.400000000000000000e+01,
1.440000000000000036e+01,
1.480000000000000071e+01,
1.469999999999999929e+01,
1.469999999999999929e+01,
1.459999999999999964e+01,
1.459999999999999964e+01,
1.530000000000000071e+01,
1.600000000000000000e+01,
1.630000000000000071e+01,
1.619999999999999929e+01,
1.600000000000000000e+01,
1.530000000000000071e+01,
1.509999999999999964e+01,
1.580000000000000071e+01,
1.710000000000000142e+01,
1.810000000000000142e+01,
1.889999999999999858e+01,
1.930000000000000071e+01,
1.930000000000000071e+01,
1.939999999999999858e+01,
1.889999999999999858e+01,
1.850000000000000000e+01,
1.830000000000000071e+01,
1.850000000000000000e+01,
1.889999999999999858e+01,
1.910000000000000142e+01,
1.860000000000000142e+01,
1.819999999999999929e+01,
1.869999999999999929e+01,
1.850000000000000000e+01,
1.869999999999999929e+01,
1.860000000000000142e+01,
1.819999999999999929e+01,
1.819999999999999929e+01,
1.839999999999999858e+01,
1.860000000000000142e+01,
1.819999999999999929e+01,
1.880000000000000071e+01,
1.930000000000000071e+01,
1.969999999999999929e+01,
2.069999999999999929e+01,
2.160000000000000142e+01,
2.150000000000000000e+01,
2.110000000000000142e+01,
2.069999999999999929e+01,
2.000000000000000000e+01,
2.000000000000000000e+01,
1.950000000000000000e+01,
1.800000000000000000e+01,
1.700000000000000000e+01,
1.669999999999999929e+01,
1.739999999999999858e+01,
1.810000000000000142e+01,
1.880000000000000071e+01,
1.830000000000000071e+01,
1.760000000000000142e+01,
1.800000000000000000e+01,
1.839999999999999858e+01,
1.839999999999999858e+01,
1.850000000000000000e+01,
1.850000000000000000e+01,
1.810000000000000142e+01,
1.880000000000000071e+01,
1.889999999999999858e+01,
1.819999999999999929e+01,
1.689999999999999858e+01,
1.689999999999999858e+01,
1.839999999999999858e+01,
1.939999999999999858e+01,
1.969999999999999929e+01,
1.910000000000000142e+01,
1.919999999999999929e+01,
1.969999999999999929e+01,
1.960000000000000142e+01,
1.900000000000000000e+01,
1.889999999999999858e+01,
1.910000000000000142e+01,
1.939999999999999858e+01,
1.960000000000000142e+01,
1.960000000000000142e+01,
1.989999999999999858e+01,
2.039999999999999858e+01,
2.119999999999999929e+01,
1.969999999999999929e+01,
1.930000000000000071e+01,
1.919999999999999929e+01,
1.910000000000000142e+01,
1.900000000000000000e+01,
1.930000000000000071e+01,
1.919999999999999929e+01,
1.880000000000000071e+01,
1.839999999999999858e+01,
1.830000000000000071e+01,
1.850000000000000000e+01,
1.880000000000000071e+01,
1.880000000000000071e+01,
1.869999999999999929e+01,
1.860000000000000142e+01,
8.900000000000000355e+00,
8.599999999999999645e+00,
8.699999999999999289e+00,
8.599999999999999645e+00,
8.199999999999999289e+00,
7.799999999999999822e+00,
7.400000000000000355e+00,
7.599999999999999645e+00,
7.599999999999999645e+00,
7.500000000000000000e+00,
7.900000000000000355e+00,
8.300000000000000711e+00,
8.699999999999999289e+00,
9.199999999999999289e+00,
9.099999999999999645e+00,
8.699999999999999289e+00,
8.800000000000000711e+00,
8.800000000000000711e+00,
8.800000000000000711e+00,
9.099999999999999645e+00,
9.300000000000000711e+00,
9.699999999999999289e+00,
1.019999999999999929e+01,
1.059999999999999964e+01,
1.100000000000000000e+01,
1.080000000000000071e+01,
1.019999999999999929e+01,
1.009999999999999964e+01,
9.900000000000000355e+00,
9.800000000000000711e+00,
9.900000000000000355e+00,
1.050000000000000000e+01,
1.090000000000000036e+01,
1.100000000000000000e+01,
1.150000000000000000e+01,
1.169999999999999929e+01,
1.190000000000000036e+01,
1.209999999999999964e+01,
1.180000000000000071e+01,
1.109999999999999964e+01,
1.090000000000000036e+01,
1.119999999999999929e+01,
1.159999999999999964e+01,
1.230000000000000071e+01,
1.280000000000000071e+01,
1.269999999999999929e+01,
1.250000000000000000e+01,
1.230000000000000071e+01,
1.259999999999999964e+01,
1.209999999999999964e+01,
1.169999999999999929e+01,
1.209999999999999964e+01,
1.300000000000000000e+01,
1.359999999999999964e+01,
1.400000000000000000e+01,
1.400000000000000000e+01,
1.440000000000000036e+01,
1.480000000000000071e+01,
1.469999999999999929e+01,
1.469999999999999929e+01,
1.459999999999999964e+01,
1.459999999999999964e+01,
1.530000000000000071e+01,
1.600000000000000000e+01,
1.630000000000000071e+01,
1.619999999999999929e+01,
1.600000000000000000e+01,
1.530000000000000071e+01,
1.509999999999999964e+01,
1.580000000000000071e+01,
1.710000000000000142e+01,
1.810000000000000142e+01,
1.889999999999999858e+01,
1.930000000000000071e+01,
1.930000000000000071e+01,
1.939999999999999858e+01,
1.889999999999999858e+01,
1.850000000000000000e+01,
1.830000000000000071e+01,
1.850000000000000000e+01,
1.889999999999999858e+01,
1.910000000000000142e+01,
1.860000000000000142e+01,
1.819999999999999929e+01,
1.869999999999999929e+01,
1.850000000000000000e+01,
1.869999999999999929e+01,
1.860000000000000142e+01,
1.819999999999999929e+01,
1.819999999999999929e+01,
1.839999999999999858e+01,
1.860000000000000142e+01,
1.819999999999999929e+01,
1.880000000000000071e+01,
1.930000000000000071e+01,
1.969999999999999929e+01,
2.069999999999999929e+01,
2.160000000000000142e+01,
2.150000000000000000e+01,
2.110000000000000142e+01,
2.069999999999999929e+01,
2.000000000000000000e+01,
2.000000000000000000e+01,
1.950000000000000000e+01,
1.800000000000000000e+01,
1.700000000000000000e+01,
1.669999999999999929e+01,
1.739999999999999858e+01,
1.810000000000000142e+01,
1.880000000000000071e+01,
1.830000000000000071e+01,
1.760000000000000142e+01,
1.800000000000000000e+01,
1.839999999999999858e+01,
1.839999999999999858e+01,
1.850000000000000000e+01,
1.850000000000000000e+01,
1.810000000000000142e+01,
1.880000000000000071e+01,
1.889999999999999858e+01,
1.819999999999999929e+01,
1.689999999999999858e+01,
1.689999999999999858e+01,
1.839999999999999858e+01,
1.939999999999999858e+01,
1.969999999999999929e+01,
1.910000000000000142e+01,
1.919999999999999929e+01,
1.969999999999999929e+01,
1.960000000000000142e+01,
1.900000000000000000e+01,
1.889999999999999858e+01,
1.910000000000000142e+01,
1.939999999999999858e+01,
1.960000000000000142e+01,
1.960000000000000142e+01,
1.989999999999999858e+01,
2.039999999999999858e+01,
2.119999999999999929e+01,
1.969999999999999929e+01,
1.930000000000000071e+01,
1.919999999999999929e+01,
1.910000000000000142e+01,
1.900000000000000000e+01,
1.930000000000000071e+01,
1.919999999999999929e+01,
1.880000000000000071e+01,
1.839999999999999858e+01,
1.830000000000000071e+01,
1.850000000000000000e+01,
1.880000000000000071e+01,
1.880000000000000071e+01,
1.869999999999999929e+01,
1.860000000000000142e+01,
8.900000000000000355e+00,
8.599999999999999645e+00,
8.699999999999999289e+00,
8.599999999999999645e+00,
8.199999999999999289e+00,
7.799999999999999822e+00,
7.400000000000000355e+00,
7.599999999999999645e+00,
7.599999999999999645e+00,
7.500000000000000000e+00,
7.900000000000000355e+00,
8.300000000000000711e+00,
8.699999999999999289e+00,
9.199999999999999289e+00,
9.099999999999999645e+00,
8.699999999999999289e+00,
8.800000000000000711e+00,
8.800000000000000711e+00,
8.800000000000000711e+00,
9.099999999999999645e+00,
9.300000000000000711e+00,
9.699999999999999289e+00,
1.019999999999999929e+01,
1.059999999999999964e+01,
1.100000000000000000e+01,
1.080000000000000071e+01,
1.019999999999999929e+01,
1.009999999999999964e+01,
9.900000000000000355e+00,
9.800000000000000711e+00,
9.900000000000000355e+00,
1.050000000000000000e+01,
1.090000000000000036e+01,
1.100000000000000000e+01,
1.150000000000000000e+01,
1.169999999999999929e+01,
1.190000000000000036e+01,
1.209999999999999964e+01,
1.180000000000000071e+01,
1.109999999999999964e+01,
1.090000000000000036e+01,
1.119999999999999929e+01,
1.159999999999999964e+01,
1.230000000000000071e+01,
1.280000000000000071e+01,
1.269999999999999929e+01,
1.250000000000000000e+01,
1.230000000000000071e+01,
1.259999999999999964e+01,
1.209999999999999964e+01,
1.169999999999999929e+01,
1.209999999999999964e+01,
1.300000000000000000e+01,
1.359999999999999964e+01,
1.400000000000000000e+01,
1.400000000000000000e+01,
1.440000000000000036e+01,
1.480000000000000071e+01,
1.469999999999999929e+01,
1.469999999999999929e+01,
1.459999999999999964e+01,
1.459999999999999964e+01,
1.530000000000000071e+01,
1.600000000000000000e+01,
1.630000000000000071e+01,
1.619999999999999929e+01,
1.600000000000000000e+01,
1.530000000000000071e+01,
1.509999999999999964e+01,
1.580000000000000071e+01,
1.710000000000000142e+01,
1.810000000000000142e+01,
1.889999999999999858e+01,
1.930000000000000071e+01,
1.930000000000000071e+01,
1.939999999999999858e+01,
1.889999999999999858e+01,
1.850000000000000000e+01,
1.830000000000000071e+01,
1.850000000000000000e+01,
1.889999999999999858e+01,
1.910000000000000142e+01,
1.860000000000000142e+01,
1.819999999999999929e+01,
1.869999999999999929e+01,
1.850000000000000000e+01,
1.869999999999999929e+01,
1.860000000000000142e+01,
1.819999999999999929e+01,
1.819999999999999929e+01,
1.839999999999999858e+01,
1.860000000000000142e+01,
1.819999999999999929e+01,
1.880000000000000071e+01,
1.930000000000000071e+01,
1.969999999999999929e+01,
2.069999999999999929e+01,
2.160000000000000142e+01,
2.150000000000000000e+01,
2.110000000000000142e+01,
2.069999999999999929e+01,
2.000000000000000000e+01,
2.000000000000000000e+01,
1.950000000000000000e+01,
1.800000000000000000e+01,
1.700000000000000000e+01,
1.669999999999999929e+01,
1.739999999999999858e+01,
1.810000000000000142e+01,
1.880000000000000071e+01,
1.830000000000000071e+01,
1.760000000000000142e+01,
1.800000000000000000e+01,
1.839999999999999858e+01,
1.839999999999999858e+01,
1.850000000000000000e+01,
1.850000000000000000e+01,
1.810000000000000142e+01,
1.880000000000000071e+01,
1.889999999999999858e+01,
1.819999999999999929e+01,
1.689999999999999858e+01,
1.689999999999999858e+01,
1.839999999999999858e+01,
1.939999999999999858e+01,
1.969999999999999929e+01,
1.910000000000000142e+01,
1.919999999999999929e+01,
1.969999999999999929e+01,
1.960000000000000142e+01,
1.900000000000000000e+01,
1.889999999999999858e+01,
1.910000000000000142e+01,
1.939999999999999858e+01,
1.960000000000000142e+01,
1.960000000000000142e+01,
1.989999999999999858e+01,
2.039999999999999858e+01,
2.119999999999999929e+01,
1.969999999999999929e+01,
1.930000000000000071e+01,
1.919999999999999929e+01,
1.910000000000000142e+01,
1.900000000000000000e+01,
1.930000000000000071e+01,
1.919999999999999929e+01,
1.880000000000000071e+01,
1.839999999999999858e+01,
1.830000000000000071e+01,
1.850000000000000000e+01,
1.880000000000000071e+01,
1.880000000000000071e+01,
1.869999999999999929e+01,
1.860000000000000142e+01,
8.900000000000000355e+00,
8.599999999999999645e+00,
8.699999999999999289e+00,
8.599999999999999645e+00,
8.199999999999999289e+00,
7.799999999999999822e+00,
7.400000000000000355e+00,
7.599999999999999645e+00,
7.599999999999999645e+00,
7.500000000000000000e+00,
7.900000000000000355e+00,
8.300000000000000711e+00,
8.699999999999999289e+00,
9.199999999999999289e+00,
9.099999999999999645e+00,
8.699999999999999289e+00,
8.800000000000000711e+00,
8.800000000000000711e+00,
8.800000000000000711e+00,
9.099999999999999645e+00,
9.300000000000000711e+00,
9.699999999999999289e+00,
1.019999999999999929e+01,
1.059999999999999964e+01,
1.100000000000000000e+01,
1.080000000000000071e+01,
1.019999999999999929e+01,
1.009999999999999964e+01,
9.900000000000000355e+00,
9.800000000000000711e+00,
9.900000000000000355e+00,
1.050000000000000000e+01,
1.090000000000000036e+01,
1.100000000000000000e+01,
1.150000000000000000e+01,
1.169999999999999929e+01,
1.190000000000000036e+01,
1.209999999999999964e+01,
1.180000000000000071e+01,
1.109999999999999964e+01,
1.090000000000000036e+01,
1.119999999999999929e+01,
1.159999999999999964e+01,
1.230000000000000071e+01,
1.280000000000000071e+01,
1.269999999999999929e+01,
1.250000000000000000e+01,
1.230000000000000071e+01,
1.259999999999999964e+01,
1.209999999999999964e+01,
1.169999999999999929e+01,
1.209999999999999964e+01,
1.300000000000000000e+01,
1.359999999999999964e+01,
1.400000000000000000e+01,
1.400000000000000000e+01,
1.440000000000000036e+01,
1.480000000000000071e+01,
1.469999999999999929e+01,
1.469999999999999929e+01,
1.459999999999999964e+01,
1.459999999999999964e+01,
1.530000000000000071e+01,
1.600000000000000000e+01,
1.630000000000000071e+01,
1.619999999999999929e+01,
1.600000000000000000e+01,
1.530000000000000071e+01,
1.509999999999999964e+01,
1.580000000000000071e+01,
1.710000000000000142e+01,
1.810000000000000142e+01,
1.889999999999999858e+01,
1.930000000000000071e+01,
1.930000000000000071e+01,
1.939999999999999858e+01,
1.889999999999999858e+01,
1.850000000000000000e+01,
1.830000000000000071e+01,
1.850000000000000000e+01,
1.889999999999999858e+01,
1.910000000000000142e+01,
1.860000000000000142e+01,
1.819999999999999929e+01,
1.869999999999999929e+01,
1.850000000000000000e+01,
1.869999999999999929e+01,
1.860000000000000142e+01,
1.819999999999999929e+01,
1.819999999999999929e+01,
1.839999999999999858e+01,
1.860000000000000142e+01,
1.819999999999999929e+01,
1.880000000000000071e+01,
1.930000000000000071e+01,
1.969999999999999929e+01,
2.069999999999999929e+01,
2.160000000000000142e+01,
2.150000000000000000e+01,
2.110000000000000142e+01,
2.069999999999999929e+01,
2.000000000000000000e+01,
2.000000000000000000e+01,
1.950000000000000000e+01,
1.800000000000000000e+01,
1.700000000000000000e+01,
1.669999999999999929e+01,
1.739999999999999858e+01,
1.810000000000000142e+01,
1.880000000000000071e+01,
1.830000000000000071e+01,
1.760000000000000142e+01,
1.800000000000000000e+01,
1.839999999999999858e+01,
1.839999999999999858e+01,
1.850000000000000000e+01,
1.850000000000000000e+01,
1.810000000000000142e+01,
1.880000000000000071e+01,
1.889999999999999858e+01,
1.819999999999999929e+01,
1.689999999999999858e+01,
1.689999999999999858e+01,
1.839999999999999858e+01,
1.939999999999999858e+01,
1.969999999999999929e+01,
1.910000000000000142e+01,
1.919999999999999929e+01,
1.969999999999999929e+01,
1.960000000000000142e+01,
1.900000000000000000e+01,
1.889999999999999858e+01,
1.910000000000000142e+01,
1.939999999999999858e+01,
1.960000000000000142e+01,
1.960000000000000142e+01,
1.989999999999999858e+01,
2.039999999999999858e+01,
2.119999999999999929e+01,
1.969999999999999929e+01,
1.930000000000000071e+01,
1.919999999999999929e+01,
1.910000000000000142e+01,
1.900000000000000000e+01,
1.930000000000000071e+01,
1.919999999999999929e+01,
1.880000000000000071e+01,
1.839999999999999858e+01,
1.830000000000000071e+01,
1.850000000000000000e+01,
1.880000000000000071e+01,
1.880000000000000071e+01,
1.869999999999999929e+01,
1.860000000000000142e+01,
8.900000000000000355e+00,
8.599999999999999645e+00,
8.699999999999999289e+00,
8.599999999999999645e+00,
8.199999999999999289e+00,
7.799999999999999822e+00,
7.400000000000000355e+00,
7.599999999999999645e+00,
7.599999999999999645e+00,
7.500000000000000000e+00,
7.900000000000000355e+00,
8.300000000000000711e+00,
8.699999999999999289e+00,
9.199999999999999289e+00,
9.099999999999999645e+00,
8.699999999999999289e+00,
8.800000000000000711e+00,
8.800000000000000711e+00,
8.800000000000000711e+00,
9.099999999999999645e+00,
9.300000000000000711e+00,
9.699999999999999289e+00,
1.019999999999999929e+01,
1.059999999999999964e+01,
1.100000000000000000e+01,
1.080000000000000071e+01,
1.019999999999999929e+01,
1.009999999999999964e+01,
9.900000000000000355e+00,
9.800000000000000711e+00,
9.900000000000000355e+00,
1.050000000000000000e+01,
1.090000000000000036e+01,
1.100000000000000000e+01,
1.150000000000000000e+01,
1.169999999999999929e+01,
1.190000000000000036e+01,
1.209999999999999964e+01,
1.180000000000000071e+01,
1.109999999999999964e+01,
1.090000000000000036e+01,
1.119999999999999929e+01,
1.159999999999999964e+01,
1.230000000000000071e+01,
1.280000000000000071e+01,
1.269999999999999929e+01,
1.250000000000000000e+01,
1.230000000000000071e+01,
1.259999999999999964e+01,
1.209999999999999964e+01,
1.169999999999999929e+01,
1.209999999999999964e+01,
1.300000000000000000e+01,
1.359999999999999964e+01,
1.400000000000000000e+01,
1.400000000000000000e+01,
1.440000000000000036e+01,
1.480000000000000071e+01,
1.469999999999999929e+01,
1.469999999999999929e+01,
1.459999999999999964e+01,
1.459999999999999964e+01,
1.530000000000000071e+01,
1.600000000000000000e+01,
1.630000000000000071e+01,
1.619999999999999929e+01,
1.600000000000000000e+01,
1.530000000000000071e+01,
1.509999999999999964e+01,
1.580000000000000071e+01,
1.710000000000000142e+01,
1.810000000000000142e+01,
1.889999999999999858e+01,
1.930000000000000071e+01,
1.930000000000000071e+01,
1.939999999999999858e+01,
1.889999999999999858e+01,
1.850000000000000000e+01,
1.830000000000000071e+01,
1.850000000000000000e+01,
1.889999999999999858e+01,
1.910000000000000142e+01,
1.860000000000000142e+01,
1.819999999999999929e+01,
1.869999999999999929e+01,
1.850000000000000000e+01,
1.869999999999999929e+01,
1.860000000000000142e+01,
1.819999999999999929e+01,
1.819999999999999929e+01,
1.839999999999999858e+01,
1.860000000000000142e+01,
1.819999999999999929e+01,
1.880000000000000071e+01,
1.930000000000000071e+01,
1.969999999999999929e+01,
2.069999999999999929e+01,
2.160000000000000142e+01,
2.150000000000000000e+01,
2.110000000000000142e+01,
2.069999999999999929e+01,
2.000000000000000000e+01,
2.000000000000000000e+01,
1.950000000000000000e+01,
1.800000000000000000e+01,
1.700000000000000000e+01,
1.669999999999999929e+01,
1.739999999999999858e+01,
1.810000000000000142e+01,
1.880000000000000071e+01,
1.830000000000000071e+01,
1.760000000000000142e+01,
1.800000000000000000e+01,
1.839999999999999858e+01,
1.839999999999999858e+01,
1.850000000000000000e+01,
1.850000000000000000e+01,
1.810000000000000142e+01,
1.880000000000000071e+01,
1.889999999999999858e+01,
1.819999999999999929e+01,
1.689999999999999858e+01,
1.689999999999999858e+01,
1.839999999999999858e+01,
1.939999999999999858e+01,
1.969999999999999929e+01,
1.910000000000000142e+01,
1.919999999999999929e+01,
1.969999999999999929e+01,
1.960000000000000142e+01,
1.900000000000000000e+01,
1.889999999999999858e+01,
1.910000000000000142e+01,
1.939999999999999858e+01,
1.960000000000000142e+01,
1.960000000000000142e+01,
1.989999999999999858e+01,
2.039999999999999858e+01,
2.119999999999999929e+01,
1.969999999999999929e+01,
1.930000000000000071e+01,
1.919999999999999929e+01,
1.910000000000000142e+01,
1.900000000000000000e+01,
1.930000000000000071e+01,
1.919999999999999929e+01,
1.880000000000000071e+01,
1.839999999999999858e+01,
1.830000000000000071e+01,
1.850000000000000000e+01,
1.880000000000000071e+01,
1.880000000000000071e+01,
1.869999999999999929e+01,
1.860000000000000142e+01,
8.900000000000000355e+00,
8.599999999999999645e+00,
8.699999999999999289e+00,
8.599999999999999645e+00,
8.199999999999999289e+00,
7.799999999999999822e+00,
7.400000000000000355e+00,
7.599999999999999645e+00,
7.599999999999999645e+00,
7.500000000000000000e+00,
7.900000000000000355e+00,
8.300000000000000711e+00,
8.699999999999999289e+00,
9.199999999999999289e+00,
9.099999999999999645e+00,
8.699999999999999289e+00,
8.800000000000000711e+00,
8.800000000000000711e+00,
8.800000000000000711e+00,
9.099999999999999645e+00,
9.300000000000000711e+00,
9.699999999999999289e+00,
1.019999999999999929e+01,
1.059999999999999964e+01,
1.100000000000000000e+01,
1.080000000000000071e+01,
1.019999999999999929e+01,
1.009999999999999964e+01,
9.900000000000000355e+00,
9.800000000000000711e+00,
9.900000000000000355e+00,
1.050000000000000000e+01,
1.090000000000000036e+01,
1.100000000000000000e+01,
1.150000000000000000e+01,
1.169999999999999929e+01,
1.190000000000000036e+01,
1.209999999999999964e+01,
1.180000000000000071e+01,
1.109999999999999964e+01,
1.090000000000000036e+01,
1.119999999999999929e+01,
1.159999999999999964e+01,
1.230000000000000071e+01,
1.280000000000000071e+01,
1.269999999999999929e+01,
1.250000000000000000e+01,
1.230000000000000071e+01,
1.259999999999999964e+01,
1.209999999999999964e+01,
1.169999999999999929e+01,
1.209999999999999964e+01,
1.300000000000000000e+01,
1.359999999999999964e+01,
1.400000000000000000e+01,
1.400000000000000000e+01,
1.440000000000000036e+01,
1.480000000000000071e+01,
1.469999999999999929e+01,
1.469999999999999929e+01,
1.459999999999999964e+01,
1.459999999999999964e+01,
1.530000000000000071e+01,
1.600000000000000000e+01,
1.630000000000000071e+01,
1.619999999999999929e+01,
1.600000000000000000e+01,
1.530000000000000071e+01,
1.509999999999999964e+01,
1.580000000000000071e+01,
1.710000000000000142e+01,
1.810000000000000142e+01,
1.889999999999999858e+01,
1.930000000000000071e+01,
1.930000000000000071e+01,
1.939999999999999858e+01,
1.889999999999999858e+01,
1.850000000000000000e+01,
1.830000000000000071e+01,
1.850000000000000000e+01,
1.889999999999999858e+01,
1.910000000000000142e+01,
1.860000000000000142e+01,
1.819999999999999929e+01,
1.869999999999999929e+01,
1.850000000000000000e+01,
1.869999999999999929e+01,
1.860000000000000142e+01,
1.819999999999999929e+01,
1.819999999999999929e+01,
1.839999999999999858e+01,
1.860000000000000142e+01,
1.819999999999999929e+01,
1.880000000000000071e+01,
1.930000000000000071e+01,
1.969999999999999929e+01,
2.069999999999999929e+01,
2.160000000000000142e+01,
2.150000000000000000e+01,
2.110000000000000142e+01,
2.069999999999999929e+01,
2.000000000000000000e+01,
2.000000000000000000e+01,
1.950000000000000000e+01,
1.800000000000000000e+01,
1.700000000000000000e+01,
1.669999999999999929e+01,
1.739999999999999858e+01,
1.810000000000000142e+01,
1.880000000000000071e+01,
1.830000000000000071e+01,
1.760000000000000142e+01,
1.800000000000000000e+01,
1.839999999999999858e+01,
1.839999999999999858e+01,
1.850000000000000000e+01,
1.850000000000000000e+01,
1.810000000000000142e+01,
1.880000000000000071e+01,
1.889999999999999858e+01,
1.819999999999999929e+01,
1.689999999999999858e+01,
1.689999999999999858e+01,
1.839999999999999858e+01,
1.939999999999999858e+01,
1.969999999999999929e+01,
1.910000000000000142e+01,
1.919999999999999929e+01,
1.969999999999999929e+01,
1.960000000000000142e+01,
1.900000000000000000e+01,
1.889999999999999858e+01,
1.910000000000000142e+01,
1.939999999999999858e+01,
1.960000000000000142e+01,
1.960000000000000142e+01,
1.989999999999999858e+01,
2.039999999999999858e+01,
2.119999999999999929e+01,
1.969999999999999929e+01,
1.930000000000000071e+01,
1.919999999999999929e+01,
1.910000000000000142e+01,
1.900000000000000000e+01,
1.930000000000000071e+01,
1.919999999999999929e+01,
1.880000000000000071e+01,
1.839999999999999858e+01,
1.830000000000000071e+01,
1.850000000000000000e+01,
1.880000000000000071e+01,
1.880000000000000071e+01,
1.869999999999999929e+01,
1.860000000000000142e+01,
8.900000000000000355e+00,
8.599999999999999645e+00,
8.699999999999999289e+00,
8.599999999999999645e+00,
8.199999999999999289e+00,
7.799999999999999822e+00,
7.400000000000000355e+00,
7.599999999999999645e+00,
7.599999999999999645e+00,
7.500000000000000000e+00,
7.900000000000000355e+00,
8.300000000000000711e+00,
8.699999999999999289e+00,
9.199999999999999289e+00,
9.099999999999999645e+00,
8.699999999999999289e+00,
8.800000000000000711e+00,
8.800000000000000711e+00,
8.800000000000000711e+00,
9.099999999999999645e+00,
9.300000000000000711e+00,
9.699999999999999289e+00,
1.019999999999999929e+01,
1.059999999999999964e+01,
1.100000000000000000e+01,
1.080000000000000071e+01,
1.019999999999999929e+01,
1.009999999999999964e+01,
9.900000000000000355e+00,
9.800000000000000711e+00,
9.900000000000000355e+00,
1.050000000000000000e+01,
1.090000000000000036e+01,
1.100000000000000000e+01,
1.150000000000000000e+01,
1.169999999999999929e+01,
1.190000000000000036e+01,
1.209999999999999964e+01,
1.180000000000000071e+01,
1.109999999999999964e+01,
1.090000000000000036e+01,
1.119999999999999929e+01,
1.159999999999999964e+01,
1.230000000000000071e+01,
1.280000000000000071e+01,
1.269999999999999929e+01,
1.250000000000000000e+01,
1.230000000000000071e+01,
1.259999999999999964e+01,
1.209999999999999964e+01,
1.169999999999999929e+01,
1.209999999999999964e+01,
1.300000000000000000e+01,
1.359999999999999964e+01,
1.400000000000000000e+01,
1.400000000000000000e+01,
1.440000000000000036e+01,
1.480000000000000071e+01,
1.469999999999999929e+01,
1.469999999999999929e+01,
1.459999999999999964e+01,
1.459999999999999964e+01,
1.530000000000000071e+01,
1.600000000000000000e+01,
1.630000000000000071e+01,
1.619999999999999929e+01,
1.600000000000000000e+01,
1.530000000000000071e+01,
1.509999999999999964e+01,
1.580000000000000071e+01,
1.710000000000000142e+01,
1.810000000000000142e+01,
1.889999999999999858e+01,
1.930000000000000071e+01,
1.930000000000000071e+01,
1.939999999999999858e+01,
1.889999999999999858e+01,
1.850000000000000000e+01,
1.830000000000000071e+01,
1.850000000000000000e+01,
1.889999999999999858e+01,
1.910000000000000142e+01,
1.860000000000000142e+01,
1.819999999999999929e+01,
1.869999999999999929e+01,
1.850000000000000000e+01,
1.869999999999999929e+01,
1.860000000000000142e+01,
1.819999999999999929e+01,
1.819999999999999929e+01,
1.839999999999999858e+01,
1.860000000000000142e+01,
1.819999999999999929e+01,
1.880000000000000071e+01,
1.930000000000000071e+01,
1.969999999999999929e+01,
2.069999999999999929e+01,
2.160000000000000142e+01,
2.150000000000000000e+01,
2.110000000000000142e+01,
2.069999999999999929e+01,
2.000000000000000000e+01,
2.000000000000000000e+01,
1.950000000000000000e+01,
1.800000000000000000e+01,
1.700000000000000000e+01,
1.669999999999999929e+01,
1.739999999999999858e+01,
1.810000000000000142e+01,
1.880000000000000071e+01,
1.830000000000000071e+01,
1.760000000000000142e+01,
1.800000000000000000e+01,
1.839999999999999858e+01,
1.839999999999999858e+01,
1.850000000000000000e+01,
1.850000000000000000e+01,
1.810000000000000142e+01,
1.880000000000000071e+01,
1.889999999999999858e+01,
1.819999999999999929e+01,
1.689999999999999858e+01,
1.689999999999999858e+01,
1.839999999999999858e+01,
1.939999999999999858e+01,
1.969999999999999929e+01,
1.910000000000000142e+01,
1.919999999999999929e+01,
1.969999999999999929e+01,
1.960000000000000142e+01,
1.900000000000000000e+01,
1.889999999999999858e+01,
1.910000000000000142e+01,
1.939999999999999858e+01,
1.960000000000000142e+01,
1.960000000000000142e+01,
1.989999999999999858e+01,
2.039999999999999858e+01,
2.119999999999999929e+01,
1.969999999999999929e+01,
1.930000000000000071e+01,
1.919999999999999929e+01,
1.910000000000000142e+01,
1.900000000000000000e+01,
1.930000000000000071e+01,
1.919999999999999929e+01,
1.880000000000000071e+01,
1.839999999999999858e+01,
1.830000000000000071e+01,
1.850000000000000000e+01,
1.880000000000000071e+01,
1.880000000000000071e+01,
1.869999999999999929e+01,
1.860000000000000142e+01,
8.900000000000000355e+00,
8.599999999999999645e+00,
8.699999999999999289e+00,
8.599999999999999645e+00,
8.199999999999999289e+00,
7.799999999999999822e+00,
7.400000000000000355e+00,
7.599999999999999645e+00,
7.599999999999999645e+00,
7.500000000000000000e+00,
7.900000000000000355e+00,
8.300000000000000711e+00,
8.699999999999999289e+00,
9.199999999999999289e+00,
9.099999999999999645e+00,
8.699999999999999289e+00,
8.800000000000000711e+00,
8.800000000000000711e+00,
8.800000000000000711e+00,
9.099999999999999645e+00,
9.300000000000000711e+00,
9.699999999999999289e+00,
1.019999999999999929e+01,
1.059999999999999964e+01,
1.100000000000000000e+01,
1.080000000000000071e+01,
1.019999999999999929e+01,
1.009999999999999964e+01,
9.900000000000000355e+00,
9.800000000000000711e+00,
9.900000000000000355e+00,
1.050000000000000000e+01,
1.090000000000000036e+01,
1.100000000000000000e+01,
1.150000000000000000e+01,
1.169999999999999929e+01,
1.190000000000000036e+01,
1.209999999999999964e+01,
1.180000000000000071e+01,
1.109999999999999964e+01,
1.090000000000000036e+01,
1.119999999999999929e+01,
1.159999999999999964e+01,
1.230000000000000071e+01,
1.280000000000000071e+01,
1.269999999999999929e+01,
1.250000000000000000e+01,
1.230000000000000071e+01,
1.259999999999999964e+01,
1.209999999999999964e+01,
1.169999999999999929e+01,
1.209999999999999964e+01,
1.300000000000000000e+01,
1.359999999999999964e+01,
1.400000000000000000e+01,
1.400000000000000000e+01,
1.440000000000000036e+01,
1.480000000000000071e+01,
1.469999999999999929e+01,
1.469999999999999929e+01,
1.459999999999999964e+01,
1.459999999999999964e+01,
1.530000000000000071e+01,
1.600000000000000000e+01,
1.630000000000000071e+01,
1.619999999999999929e+01,
1.600000000000000000e+01,
1.530000000000000071e+01,
1.509999999999999964e+01,
1.580000000000000071e+01,
1.710000000000000142e+01,
1.810000000000000142e+01,
1.889999999999999858e+01,
1.930000000000000071e+01,
1.930000000000000071e+01,
1.939999999999999858e+01,
1.889999999999999858e+01,
1.850000000000000000e+01,
1.830000000000000071e+01,
1.850000000000000000e+01,
1.889999999999999858e+01,
1.910000000000000142e+01,
1.860000000000000142e+01,
1.819999999999999929e+01,
1.869999999999999929e+01,
1.850000000000000000e+01,
1.869999999999999929e+01,
1.860000000000000142e+01,
1.819999999999999929e+01,
1.819999999999999929e+01,
1.839999999999999858e+01,
1.860000000000000142e+01,
1.819999999999999929e+01,
1.880000000000000071e+01,
1.930000000000000071e+01,
1.969999999999999929e+01,
2.069999999999999929e+01,
2.160000000000000142e+01,
2.150000000000000000e+01,
2.110000000000000142e+01,
2.069999999999999929e+01,
2.000000000000000000e+01,
2.000000000000000000e+01,
1.950000000000000000e+01,
1.800000000000000000e+01,
1.700000000000000000e+01,
1.669999999999999929e+01,
1.739999999999999858e+01,
1.810000000000000142e+01,
1.880000000000000071e+01,
1.830000000000000071e+01,
1.760000000000000142e+01,
1.800000000000000000e+01,
1.839999999999999858e+01,
1.839999999999999858e+01,
1.850000000000000000e+01,
1.850000000000000000e+01,
1.810000000000000142e+01,
1.880000000000000071e+01,
1.889999999999999858e+01,
1.819999999999999929e+01,
1.689999999999999858e+01,
1.689999999999999858e+01,
1.839999999999999858e+01,
1.939999999999999858e+01,
1.969999999999999929e+01,
1.910000000000000142e+01,
1.919999999999999929e+01,
1.969999999999999929e+01,
1.960000000000000142e+01,
1.900000000000000000e+01,
1.889999999999999858e+01,
1.910000000000000142e+01,
1.939999999999999858e+01,
1.960000000000000142e+01,
1.960000000000000142e+01,
1.989999999999999858e+01,
2.039999999999999858e+01,
2.119999999999999929e+01,
1.969999999999999929e+01,
1.930000000000000071e+01,
1.919999999999999929e+01,
1.910000000000000142e+01,
1.900000000000000000e+01,
1.930000000000000071e+01,
1.919999999999999929e+01,
1.880000000000000071e+01,
1.839999999999999858e+01,
1.830000000000000071e+01,
1.850000000000000000e+01,
1.880000000000000071e+01,
1.880000000000000071e+01,
1.869999999999999929e+01,
1.860000000000000142e+01,
8.900000000000000355e+00,
8.599999999999999645e+00,
8.699999999999999289e+00,
8.599999999999999645e+00,
8.199999999999999289e+00,
7.799999999999999822e+00,
7.400000000000000355e+00,
7.599999999999999645e+00,
7.599999999999999645e+00,
7.500000000000000000e+00,
7.900000000000000355e+00,
8.300000000000000711e+00,
8.699999999999999289e+00,
9.199999999999999289e+00,
9.099999999999999645e+00,
8.699999999999999289e+00,
8.800000000000000711e+00,
8.800000000000000711e+00,
8.800000000000000711e+00,
9.099999999999999645e+00,
9.300000000000000711e+00,
9.699999999999999289e+00,
1.019999999999999929e+01,
1.059999999999999964e+01,
1.100000000000000000e+01,
1.080000000000000071e+01,
1.019999999999999929e+01,
1.009999999999999964e+01,
9.900000000000000355e+00,
9.800000000000000711e+00,
9.900000000000000355e+00,
1.050000000000000000e+01,
1.090000000000000036e+01,
1.100000000000000000e+01,
1.150000000000000000e+01,
1.169999999999999929e+01,
1.190000000000000036e+01,
1.209999999999999964e+01,
1.180000000000000071e+01,
1.109999999999999964e+01,
1.090000000000000036e+01,
1.119999999999999929e+01,
1.159999999999999964e+01,
1.230000000000000071e+01,
1.280000000000000071e+01,
1.269999999999999929e+01,
1.250000000000000000e+01,
1.230000000000000071e+01,
1.259999999999999964e+01,
1.209999999999999964e+01,
1.169999999999999929e+01,
1.209999999999999964e+01,
1.300000000000000000e+01,
1.359999999999999964e+01,
1.400000000000000000e+01,
1.400000000000000000e+01,
1.440000000000000036e+01,
1.480000000000000071e+01,
1.469999999999999929e+01,
1.469999999999999929e+01,
1.459999999999999964e+01,
1.459999999999999964e+01,
1.530000000000000071e+01,
1.600000000000000000e+01,
1.630000000000000071e+01,
1.619999999999999929e+01,
1.600000000000000000e+01,
1.530000000000000071e+01,
1.509999999999999964e+01,
1.580000000000000071e+01,
1.710000000000000142e+01,
1.810000000000000142e+01,
1.889999999999999858e+01,
1.930000000000000071e+01,
1.930000000000000071e+01,
1.939999999999999858e+01,
1.889999999999999858e+01,
1.850000000000000000e+01,
1.830000000000000071e+01,
1.850000000000000000e+01,
1.889999999999999858e+01,
1.910000000000000142e+01,
1.860000000000000142e+01,
1.819999999999999929e+01,
1.869999999999999929e+01,
1.850000000000000000e+01,
1.869999999999999929e+01,
1.860000000000000142e+01,
1.819999999999999929e+01,
1.819999999999999929e+01,
1.839999999999999858e+01,
1.860000000000000142e+01,
1.819999999999999929e+01,
1.880000000000000071e+01,
1.930000000000000071e+01,
1.969999999999999929e+01,
2.069999999999999929e+01,
2.160000000000000142e+01,
2.150000000000000000e+01,
2.110000000000000142e+01,
2.069999999999999929e+01,
2.000000000000000000e+01,
2.000000000000000000e+01,
1.950000000000000000e+01,
1.800000000000000000e+01,
1.700000000000000000e+01,
1.669999999999999929e+01,
1.739999999999999858e+01,
1.810000000000000142e+01,
1.880000000000000071e+01,
1.830000000000000071e+01,
1.760000000000000142e+01,
1.800000000000000000e+01,
1.839999999999999858e+01,
1.839999999999999858e+01,
1.850000000000000000e+01,
1.850000000000000000e+01,
1.810000000000000142e+01,
1.880000000000000071e+01,
1.889999999999999858e+01,
1.819999999999999929e+01,
1.689999999999999858e+01,
1.689999999999999858e+01,
1.839999999999999858e+01,
1.939999999999999858e+01,
1.969999999999999929e+01,
1.910000000000000142e+01,
1.919999999999999929e+01,
1.969999999999999929e+01,
1.960000000000000142e+01,
1.900000000000000000e+01,
1.889999999999999858e+01,
1.910000000000000142e+01,
1.939999999999999858e+01,
1.960000000000000142e+01,
1.960000000000000142e+01,
1.989999999999999858e+01,
2.039999999999999858e+01,
2.119999999999999929e+01,
1.969999999999999929e+01,
1.930000000000000071e+01,
1.919999999999999929e+01,
1.910000000000000142e+01,
1.900000000000000000e+01,
1.930000000000000071e+01,
1.919999999999999929e+01,
1.880000000000000071e+01,
1.839999999999999858e+01,
1.830000000000000071e+01,
1.850000000000000000e+01,
1.880000000000000071e+01,
1.880000000000000071e+01,
1.869999999999999929e+01,
1.860000000000000142e+01,
8.900000000000000355e+00,
8.599999999999999645e+00,
8.699999999999999289e+00,
8.599999999999999645e+00,
8.199999999999999289e+00,
7.799999999999999822e+00,
7.400000000000000355e+00,
7.599999999999999645e+00,
7.599999999999999645e+00,
7.500000000000000000e+00,
7.900000000000000355e+00,
8.300000000000000711e+00,
8.699999999999999289e+00,
9.199999999999999289e+00,
9.099999999999999645e+00,
8.699999999999999289e+00,
8.800000000000000711e+00,
8.800000000000000711e+00,
8.800000000000000711e+00,
9.099999999999999645e+00,
9.300000000000000711e+00,
9.699999999999999289e+00,
1.019999999999999929e+01,
1.059999999999999964e+01,
1.100000000000000000e+01,
1.080000000000000071e+01,
1.019999999999999929e+01,
1.009999999999999964e+01,
9.900000000000000355e+00,
9.800000000000000711e+00,
9.900000000000000355e+00,
1.050000000000000000e+01,
1.090000000000000036e+01,
1.100000000000000000e+01,
1.150000000000000000e+01,
1.169999999999999929e+01,
1.190000000000000036e+01,
1.209999999999999964e+01,
1.180000000000000071e+01,
1.109999999999999964e+01,
1.090000000000000036e+01,
1.119999999999999929e+01,
1.159999999999999964e+01,
1.230000000000000071e+01,
1.280000000000000071e+01,
1.269999999999999929e+01,
1.250000000000000000e+01,
1.230000000000000071e+01,
1.259999999999999964e+01,
1.209999999999999964e+01,
1.169999999999999929e+01,
1.209999999999999964e+01,
1.300000000000000000e+01,
1.359999999999999964e+01,
1.400000000000000000e+01,
1.400000000000000000e+01,
1.440000000000000036e+01,
1.480000000000000071e+01,
1.469999999999999929e+01,
1.469999999999999929e+01,
1.459999999999999964e+01,
1.459999999999999964e+01,
1.530000000000000071e+01,
1.600000000000000000e+01,
1.630000000000000071e+01,
1.619999999999999929e+01,
1.600000000000000000e+01,
1.530000000000000071e+01,
1.509999999999999964e+01,
1.580000000000000071e+01,
1.710000000000000142e+01,
1.810000000000000142e+01,
1.889999999999999858e+01,
1.930000000000000071e+01,
1.930000000000000071e+01,
1.939999999999999858e+01,
1.889999999999999858e+01,
1.850000000000000000e+01,
1.830000000000000071e+01,
1.850000000000000000e+01,
1.889999999999999858e+01,
1.910000000000000142e+01,
1.860000000000000142e+01,
1.819999999999999929e+01,
1.869999999999999929e+01,
1.850000000000000000e+01,
1.869999999999999929e+01,
1.860000000000000142e+01,
1.819999999999999929e+01,
1.819999999999999929e+01,
1.839999999999999858e+01,
1.860000000000000142e+01,
1.819999999999999929e+01,
1.880000000000000071e+01,
1.930000000000000071e+01,
1.969999999999999929e+01,
2.069999999999999929e+01,
2.160000000000000142e+01,
2.150000000000000000e+01,
2.110000000000000142e+01,
2.069999999999999929e+01,
2.000000000000000000e+01,
2.000000000000000000e+01,
1.950000000000000000e+01,
1.800000000000000000e+01,
1.700000000000000000e+01,
1.669999999999999929e+01,
1.739999999999999858e+01,
1.810000000000000142e+01,
1.880000000000000071e+01,
1.830000000000000071e+01,
1.760000000000000142e+01,
1.800000000000000000e+01,
1.839999999999999858e+01,
1.839999999999999858e+01,
1.850000000000000000e+01,
1.850000000000000000e+01,
1.810000000000000142e+01,
1.880000000000000071e+01,
1.889999999999999858e+01,
1.819999999999999929e+01,
1.689999999999999858e+01,
1.689999999999999858e+01,
1.839999999999999858e+01,
1.939999999999999858e+01,
1.969999999999999929e+01,
1.910000000000000142e+01,
1.919999999999999929e+01,
1.969999999999999929e+01,
1.960000000000000142e+01,
1.900000000000000000e+01,
1.889999999999999858e+01,
1.910000000000000142e+01,
1.939999999999999858e+01,
1.960000000000000142e+01,
1.960000000000000142e+01,
1.989999999999999858e+01,
2.039999999999999858e+01,
2.119999999999999929e+01,
1.969999999999999929e+01,
1.930000000000000071e+01,
1.919999999999999929e+01,
1.910000000000000142e+01,
1.900000000000000000e+01,
1.930000000000000071e+01,
1.919999999999999929e+01,
1.880000000000000071e+01,
1.839999999999999858e+01,
1.830000000000000071e+01,
1.850000000000000000e+01,
1.880000000000000071e+01,
1.880000000000000071e+01,
1.869999999999999929e+01,
1.860000000000000142e+01,
8.900000000000000355e+00,
8.599999999999999645e+00,
8.699999999999999289e+00,
8.599999999999999645e+00,
8.199999999999999289e+00,
7.799999999999999822e+00,
7.400000000000000355e+00,
7.599999999999999645e+00,
7.599999999999999645e+00,
7.500000000000000000e+00,
7.900000000000000355e+00,
8.300000000000000711e+00,
8.699999999999999289e+00,
9.199999999999999289e+00,
9.099999999999999645e+00,
8.699999999999999289e+00,
8.800000000000000711e+00,
8.800000000000000711e+00,
8.800000000000000711e+00,
9.099999999999999645e+00,
9.300000000000000711e+00,
9.699999999999999289e+00,
1.019999999999999929e+01,
1.059999999999999964e+01,
1.100000000000000000e+01,
1.080000000000000071e+01,
1.019999999999999929e+01,
1.009999999999999964e+01,
9.900000000000000355e+00,
9.800000000000000711e+00,
9.900000000000000355e+00,
1.050000000000000000e+01,
1.090000000000000036e+01,
1.100000000000000000e+01,
1.150000000000000000e+01,
1.169999999999999929e+01,
1.190000000000000036e+01,
1.209999999999999964e+01,
1.180000000000000071e+01,
1.109999999999999964e+01,
1.090000000000000036e+01,
1.119999999999999929e+01,
1.159999999999999964e+01,
1.230000000000000071e+01,
1.280000000000000071e+01,
1.269999999999999929e+01,
1.250000000000000000e+01,
1.230000000000000071e+01,
1.259999999999999964e+01,
1.209999999999999964e+01,
1.169999999999999929e+01,
1.209999999999999964e+01,
1.300000000000000000e+01,
1.359999999999999964e+01,
1.400000000000000000e+01,
1.400000000000000000e+01,
1.440000000000000036e+01,
1.480000000000000071e+01,
1.469999999999999929e+01,
1.469999999999999929e+01,
1.459999999999999964e+01,
1.459999999999999964e+01,
1.530000000000000071e+01,
1.600000000000000000e+01,
1.630000000000000071e+01,
1.619999999999999929e+01,
1.600000000000000000e+01,
1.530000000000000071e+01,
1.509999999999999964e+01,
1.580000000000000071e+01,
1.710000000000000142e+01,
1.810000000000000142e+01,
1.889999999999999858e+01,
1.930000000000000071e+01,
1.930000000000000071e+01,
1.939999999999999858e+01,
1.889999999999999858e+01,
1.850000000000000000e+01,
1.830000000000000071e+01,
1.850000000000000000e+01,
1.889999999999999858e+01,
1.910000000000000142e+01,
1.860000000000000142e+01,
1.819999999999999929e+01,
1.869999999999999929e+01,
1.850000000000000000e+01,
1.869999999999999929e+01,
1.860000000000000142e+01,
1.819999999999999929e+01,
1.819999999999999929e+01,
1.839999999999999858e+01,
1.860000000000000142e+01,
1.819999999999999929e+01,
1.880000000000000071e+01,
1.930000000000000071e+01,
1.969999999999999929e+01,
2.069999999999999929e+01,
2.160000000000000142e+01,
2.150000000000000000e+01,
2.110000000000000142e+01,
2.069999999999999929e+01,
2.000000000000000000e+01,
2.000000000000000000e+01,
1.950000000000000000e+01,
1.800000000000000000e+01,
1.700000000000000000e+01,
1.669999999999999929e+01,
1.739999999999999858e+01,
1.810000000000000142e+01,
1.880000000000000071e+01,
1.830000000000000071e+01,
1.760000000000000142e+01,
1.800000000000000000e+01,
1.839999999999999858e+01,
1.839999999999999858e+01,
1.850000000000000000e+01,
1.850000000000000000e+01,
1.810000000000000142e+01,
1.880000000000000071e+01,
1.889999999999999858e+01,
1.819999999999999929e+01,
1.689999999999999858e+01,
1.689999999999999858e+01,
1.839999999999999858e+01,
1.939999999999999858e+01,
1.969999999999999929e+01,
1.910000000000000142e+01,
1.919999999999999929e+01,
1.969999999999999929e+01,
1.960000000000000142e+01,
1.900000000000000000e+01,
1.889999999999999858e+01,
1.910000000000000142e+01,
1.939999999999999858e+01,
1.960000000000000142e+01,
1.960000000000000142e+01,
1.989999999999999858e+01,
2.039999999999999858e+01,
2.119999999999999929e+01,
1.969999999999999929e+01,
1.930000000000000071e+01,
1.919999999999999929e+01,
1.910000000000000142e+01,
1.900000000000000000e+01,
1.930000000000000071e+01,
1.919999999999999929e+01,
1.880000000000000071e+01,
1.839999999999999858e+01,
1.830000000000000071e+01,
1.850000000000000000e+01,
1.880000000000000071e+01,
1.880000000000000071e+01,
1.869999999999999929e+01,
1.860000000000000142e+01,
8.900000000000000355e+00,
8.599999999999999645e+00,
8.699999999999999289e+00,
8.599999999999999645e+00,
8.199999999999999289e+00,
7.799999999999999822e+00,
7.400000000000000355e+00,
7.599999999999999645e+00,
7.599999999999999645e+00,
7.500000000000000000e+00,
7.900000000000000355e+00,
8.300000000000000711e+00,
8.699999999999999289e+00,
9.199999999999999289e+00,
9.099999999999999645e+00,
8.699999999999999289e+00,
8.800000000000000711e+00,
8.800000000000000711e+00,
8.800000000000000711e+00,
9.099999999999999645e+00,
9.300000000000000711e+00,
9.699999999999999289e+00,
1.019999999999999929e+01,
1.059999999999999964e+01,
1.100000000000000000e+01,
1.080000000000000071e+01,
1.019999999999999929e+01,
1.009999999999999964e+01,
9.900000000000000355e+00,
9.800000000000000711e+00,
9.900000000000000355e+00,
1.050000000000000000e+01,
1.090000000000000036e+01,
1.100000000000000000e+01,
1.150000000000000000e+01,
1.169999999999999929e+01,
1.190000000000000036e+01,
1.209999999999999964e+01,
1.180000000000000071e+01,
1.109999999999999964e+01,
1.090000000000000036e+01,
1.119999999999999929e+01,
1.159999999999999964e+01,
1.230000000000000071e+01,
1.280000000000000071e+01,
1.269999999999999929e+01,
1.250000000000000000e+01,
1.230000000000000071e+01,
1.259999999999999964e+01,
1.209999999999999964e+01,
1.169999999999999929e+01,
1.209999999999999964e+01,
1.300000000000000000e+01,
1.359999999999999964e+01,
1.400000000000000000e+01,
1.400000000000000000e+01,
1.440000000000000036e+01,
1.480000000000000071e+01,
1.469999999999999929e+01,
1.469999999999999929e+01,
1.459999999999999964e+01,
1.459999999999999964e+01,
1.530000000000000071e+01,
1.600000000000000000e+01,
1.630000000000000071e+01,
1.619999999999999929e+01,
1.600000000000000000e+01,
1.530000000000000071e+01,
1.509999999999999964e+01,
1.580000000000000071e+01,
1.710000000000000142e+01,
1.810000000000000142e+01,
1.889999999999999858e+01,
1.930000000000000071e+01,
1.930000000000000071e+01,
1.939999999999999858e+01,
1.889999999999999858e+01,
1.850000000000000000e+01,
1.830000000000000071e+01,
1.850000000000000000e+01,
1.889999999999999858e+01,
1.910000000000000142e+01,
1.860000000000000142e+01,
1.819999999999999929e+01,
1.869999999999999929e+01,
1.850000000000000000e+01,
1.869999999999999929e+01,
1.860000000000000142e+01,
1.819999999999999929e+01,
1.819999999999999929e+01,
1.839999999999999858e+01,
1.860000000000000142e+01,
1.819999999999999929e+01,
1.880000000000000071e+01,
1.930000000000000071e+01,
1.969999999999999929e+01,
2.069999999999999929e+01,
2.160000000000000142e+01,
2.150000000000000000e+01,
2.110000000000000142e+01,
2.069999999999999929e+01,
2.000000000000000000e+01,
2.000000000000000000e+01,
1.950000000000000000e+01,
1.800000000000000000e+01,
1.700000000000000000e+01,
1.669999999999999929e+01,
1.739999999999999858e+01,
1.810000000000000142e+01,
1.880000000000000071e+01,
1.830000000000000071e+01,
1.760000000000000142e+01,
1.800000000000000000e+01,
1.839999999999999858e+01,
1.839999999999999858e+01,
1.850000000000000000e+01,
1.850000000000000000e+01,
1.810000000000000142e+01,
1.880000000000000071e+01,
1.889999999999999858e+01,
1.819999999999999929e+01,
1.689999999999999858e+01,
1.689999999999999858e+01,
1.839999999999999858e+01,
1.939999999999999858e+01,
1.969999999999999929e+01,
1.910000000000000142e+01,
1.919999999999999929e+01,
1.969999999999999929e+01,
1.960000000000000142e+01,
1.900000000000000000e+01,
1.889999999999999858e+01,
1.910000000000000142e+01,
1.939999999999999858e+01,
1.960000000000000142e+01,
1.960000000000000142e+01,
1.989999999999999858e+01,
2.039999999999999858e+01,
2.119999999999999929e+01,
1.969999999999999929e+01,
1.930000000000000071e+01,
1.919999999999999929e+01,
1.910000000000000142e+01,
1.900000000000000000e+01,
1.930000000000000071e+01,
1.919999999999999929e+01,
1.880000000000000071e+01,
1.839999999999999858e+01,
1.830000000000000071e+01,
1.850000000000000000e+01,
1.880000000000000071e+01,
1.880000000000000071e+01,
1.869999999999999929e+01,
1.860000000000000142e+01,
