1.166940000000000055e+03,
1.106900000000000091e+03,
1.061880000000000109e+03,
1.037529999999999973e+03,
1.077740000000000009e+03,
1.207990000000000009e+03,
1.110299999999999955e+03,
1.054230000000000018e+03,
1.118799999999999955e+03,
1.183930000000000064e+03,
1.149660000000000082e+03,
1.127569999999999936e+03,
1.071509999999999991e+03,
1.088210000000000036e+03,
1.149950000000000045e+03,
1.115680000000000064e+03,
1.046309999999999945e+03,
1.129839999999999918e+03,
1.263779999999999973e+03,
1.257269999999999982e+03,
1.219890000000000100e+03,
1.178549999999999955e+03,
1.160710000000000036e+03,
1.176559999999999945e+03,
1.219599999999999909e+03,
1.379309999999999945e+03,
1.423200000000000045e+03,
1.552329999999999927e+03,
1.634450000000000045e+03,
1.586309999999999945e+03,
1.603299999999999955e+03,
1.489750000000000000e+03,
1.367700000000000045e+03,
1.353829999999999927e+03,
1.542700000000000045e+03,
1.833799999999999955e+03,
1.997470000000000027e+03,
2.383429999999999836e+03,
2.428730000000000018e+03,
2.340949999999999818e+03,
2.757489999999999782e+03,
2.795150000000000091e+03,
2.590989999999999782e+03,
2.528409999999999854e+03,
2.518780000000000200e+03,
2.534920000000000073e+03,
2.803360000000000127e+03,
3.420670000000000073e+03,
3.392070000000000164e+03,
3.434829999999999927e+03,
3.854480000000000018e+03,
3.770099999999999909e+03,
3.461159999999999854e+03,
3.447000000000000000e+03,
3.226130000000000109e+03,
3.002150000000000091e+03,
2.807889999999999873e+03,
2.609389999999999873e+03,
2.520199999999999818e+03,
2.508590000000000146e+03,
2.370119999999999891e+03,
2.393340000000000146e+03,
2.660929999999999836e+03,
2.639130000000000109e+03,
2.511699999999999818e+03,
2.152079999999999927e+03,
2.208429999999999836e+03,
2.210130000000000109e+03,
2.091760000000000218e+03,
1.812279999999999973e+03,
1.659359999999999900e+03,
1.554589999999999918e+03,
1.478140000000000100e+03,
1.512119999999999891e+03,
1.463980000000000018e+03,
1.475589999999999918e+03,
1.394319999999999936e+03,
1.338819999999999936e+03,
1.341650000000000091e+03,
1.466809999999999945e+03,
1.526279999999999973e+03,
1.461150000000000091e+03,
1.503339999999999918e+03,
1.425750000000000000e+03,
1.342220000000000027e+03,
1.395170000000000073e+03,
1.314750000000000000e+03,
1.176559999999999945e+03,
1.161269999999999982e+03,
1.473609999999999900e+03,
1.596220000000000027e+03,
1.465960000000000036e+03,
1.383839999999999918e+03,
1.207150000000000091e+03,
1.141450000000000045e+03,
1.078589999999999918e+03,
1.150789999999999964e+03,
1.253019999999999982e+03,
1.246220000000000027e+03,
1.171750000000000000e+03,
1.095859999999999900e+03,
9.599400000000000546e+02,
9.899600000000000364e+02,
1.035259999999999991e+03,
1.066130000000000109e+03,
1.080000000000000000e+03,
9.780599999999999454e+02,
1.081980000000000018e+03,
1.003259999999999991e+03,
9.086900000000000546e+02,
1.030170000000000073e+03,
1.048569999999999936e+03,
9.981699999999999591e+02,
9.806100000000000136e+02,
9.186000000000000227e+02,
8.438400000000000318e+02,
8.721599999999999682e+02,
8.477999999999999545e+02,
8.245900000000000318e+02,
9.157699999999999818e+02,
1.105200000000000045e+03,
9.624900000000000091e+02,
8.528999999999999773e+02,
9.160499999999999545e+02,
9.429500000000000455e+02,
8.384600000000000364e+02,
8.129800000000000182e+02,
8.990599999999999454e+02,
9.522899999999999636e+02,
9.508799999999999955e+02,
8.574299999999999500e+02,
8.783899999999999864e+02,
8.293999999999999773e+02,
7.124500000000000455e+02,
7.110299999999999727e+02,
6.849800000000000182e+02,
6.866799999999999500e+02,
6.835700000000000500e+02,
6.830000000000000000e+02,
6.722400000000000091e+02,
6.014500000000000455e+02,
5.912500000000000000e+02,
5.898400000000000318e+02,
5.901200000000000045e+02,
5.974800000000000182e+02,
5.935199999999999818e+02,
5.929500000000000455e+02,
5.937999999999999545e+02,
6.102300000000000182e+02,
6.218400000000000318e+02,
6.198500000000000227e+02,
6.558200000000000500e+02,
6.167400000000000091e+02,
5.912500000000000000e+02,
1.943380000000000109e+03,
2.036829999999999927e+03,
2.063730000000000018e+03,
2.024930000000000064e+03,
2.087800000000000182e+03,
2.723230000000000018e+03,
3.488059999999999945e+03,
3.808329999999999927e+03,
3.680050000000000182e+03,
3.648340000000000146e+03,
3.596800000000000182e+03,
3.603880000000000109e+03,
3.603309999999999945e+03,
3.643239999999999782e+03,
3.842019999999999982e+03,
4.156060000000000400e+03,
4.309250000000000000e+03,
4.245539999999999964e+03,
4.120090000000000146e+03,
3.968030000000000200e+03,
3.727340000000000146e+03,
3.413019999999999982e+03,
3.254730000000000018e+03,
3.514960000000000036e+03,
3.841739999999999782e+03,
3.840889999999999873e+03,
3.817670000000000073e+03,
3.655699999999999818e+03,
3.632760000000000218e+03,
3.734699999999999818e+03,
4.153789999999999964e+03,
4.453670000000000073e+03,
4.039389999999999873e+03,
3.841170000000000073e+03,
3.668719999999999800e+03,
3.440489999999999782e+03,
3.460309999999999945e+03,
3.528269999999999982e+03,
3.614920000000000073e+03,
3.342519999999999982e+03,
3.052550000000000182e+03,
2.966179999999999836e+03,
2.895110000000000127e+03,
2.973260000000000218e+03,
3.157320000000000164e+03,
3.542429999999999836e+03,
3.920460000000000036e+03,
4.506340000000000146e+03,
4.909850000000000364e+03,
5.217939999999999600e+03,
5.596529999999999745e+03,
5.666470000000000255e+03,
5.207460000000000036e+03,
5.264090000000000146e+03,
5.050300000000000182e+03,
4.691239999999999782e+03,
4.578829999999999927e+03,
3.983610000000000127e+03,
3.787369999999999891e+03,
3.477869999999999891e+03,
3.333739999999999782e+03,
2.981760000000000218e+03,
2.893980000000000018e+03,
2.865940000000000055e+03,
3.043769999999999982e+03,
3.235760000000000218e+03,
3.435960000000000036e+03,
3.416989999999999782e+03,
3.477300000000000182e+03,
3.550929999999999836e+03,
3.700440000000000055e+03,
3.536489999999999782e+03,
3.364889999999999873e+03,
3.021400000000000091e+03,
2.879820000000000164e+03,
3.029900000000000091e+03,
3.126170000000000073e+03,
2.865940000000000055e+03,
2.677349999999999909e+03,
2.489050000000000182e+03,
2.261949999999999818e+03,
1.982180000000000064e+03,
1.884480000000000018e+03,
1.846259999999999991e+03,
1.798119999999999891e+03,
1.701839999999999918e+03,
1.615470000000000027e+03,
1.695609999999999900e+03,
1.658799999999999955e+03,
1.527410000000000082e+03,
1.579789999999999964e+03,
1.409609999999999900e+03,
1.317009999999999991e+03,
1.266609999999999900e+03,
1.264910000000000082e+03,
1.275960000000000036e+03,
1.317859999999999900e+03,
1.319849999999999909e+03,
1.350150000000000091e+03,
1.385819999999999936e+03,
1.323809999999999945e+03,
1.324940000000000055e+03,
1.402250000000000000e+03,
1.347599999999999909e+03,
1.239710000000000036e+03,
1.176279999999999973e+03,
1.175150000000000091e+03,
1.117380000000000109e+03,
1.160710000000000036e+03,
1.146829999999999927e+03,
1.106900000000000091e+03,
1.116250000000000000e+03,
1.191289999999999964e+03,
1.126730000000000018e+03,
1.155039999999999964e+03,
1.174299999999999955e+03,
1.010909999999999968e+03,
9.630499999999999545e+02,
9.469099999999999682e+02,
9.616399999999999864e+02,
1.003259999999999991e+03,
8.279800000000000182e+02,
8.112799999999999727e+02,
7.266100000000000136e+02,
7.260399999999999636e+02,
8.129800000000000182e+02,
8.562999999999999545e+02,
8.526200000000000045e+02,
8.602599999999999909e+02,
8.520499999999999545e+02,
9.109500000000000455e+02,
8.608300000000000409e+02,
8.208999999999999773e+02,
8.214700000000000273e+02,
7.484099999999999682e+02,
7.183999999999999773e+02,
7.317100000000000364e+02,
7.993799999999999955e+02,
8.141100000000000136e+02,
7.472799999999999727e+02,
7.535099999999999909e+02,
8.231699999999999591e+02,
8.197699999999999818e+02,
8.656399999999999864e+02,
8.599800000000000182e+02,
7.529400000000000546e+02,
7.087699999999999818e+02,
6.439199999999999591e+02,
6.340099999999999909e+02,
6.408099999999999454e+02,
6.546799999999999500e+02,
7.526599999999999682e+02,
7.546399999999999864e+02,
6.382599999999999909e+02,
1.356089999999999918e+03,
1.336549999999999955e+03,
1.182509999999999991e+03,
1.095579999999999927e+03,
1.047160000000000082e+03,
9.825900000000000318e+02,
9.825900000000000318e+02,
1.022519999999999982e+03,
1.109740000000000009e+03,
1.293509999999999991e+03,
1.383839999999999918e+03,
1.334000000000000000e+03,
1.379029999999999973e+03,
1.365440000000000055e+03,
1.277089999999999918e+03,
1.262930000000000064e+03,
1.307950000000000045e+03,
1.262930000000000064e+03,
1.294079999999999927e+03,
1.309650000000000091e+03,
1.285869999999999891e+03,
1.243109999999999900e+03,
1.211960000000000036e+03,
1.288410000000000082e+03,
1.305690000000000055e+03,
1.349579999999999927e+03,
1.452650000000000091e+03,
1.469640000000000100e+03,
1.543269999999999982e+03,
1.783680000000000064e+03,
2.041069999999999936e+03,
2.350289999999999964e+03,
2.519909999999999854e+03,
2.680750000000000000e+03,
2.464409999999999854e+03,
2.198519999999999982e+03,
1.979910000000000082e+03,
1.843990000000000009e+03,
1.839180000000000064e+03,
1.973680000000000064e+03,
2.305269999999999982e+03,
2.687260000000000218e+03,
2.641960000000000036e+03,
2.860000000000000000e+03,
2.777880000000000109e+03,
2.599199999999999818e+03,
2.509429999999999836e+03,
2.489050000000000182e+03,
2.633750000000000000e+03,
2.542849999999999909e+03,
2.466389999999999873e+03,
2.468940000000000055e+03,
2.289699999999999818e+03,
2.085250000000000000e+03,
2.145849999999999909e+03,
1.969430000000000064e+03,
1.750829999999999927e+03,
1.605279999999999973e+03,
1.644920000000000073e+03,
1.686829999999999927e+03,
1.636430000000000064e+03,
1.631049999999999955e+03,
1.537599999999999909e+03,
1.472470000000000027e+03,
1.495130000000000109e+03,
1.568750000000000000e+03,
1.619720000000000027e+03,
1.543269999999999982e+03,
1.599329999999999927e+03,
1.493990000000000009e+03,
1.452650000000000091e+03,
1.483799999999999955e+03,
1.611230000000000018e+03,
1.733269999999999982e+03,
1.585170000000000073e+03,
1.508720000000000027e+03,
1.327769999999999982e+03,
1.256700000000000045e+03,
1.243109999999999900e+03,
1.135220000000000027e+03,
1.081700000000000045e+03,
1.133799999999999955e+03,
1.086799999999999955e+03,
1.128710000000000036e+03,
1.092750000000000000e+03,
1.038940000000000055e+03,
8.891499999999999773e+02,
8.568700000000000045e+02,
8.673400000000000318e+02,
9.820299999999999727e+02,
1.006379999999999995e+03,
9.811799999999999500e+02,
9.117999999999999545e+02,
8.871699999999999591e+02,
9.154800000000000182e+02,
9.050000000000000000e+02,
9.050000000000000000e+02,
1.023090000000000032e+03,
1.068680000000000064e+03,
1.050269999999999982e+03,
1.066980000000000018e+03,
1.031579999999999927e+03,
9.418200000000000500e+02,
9.715499999999999545e+02,
9.624900000000000091e+02,
1.000429999999999950e+03,
9.287899999999999636e+02,
8.633799999999999955e+02,
8.514900000000000091e+02,
8.152400000000000091e+02,
8.625299999999999727e+02,
8.475199999999999818e+02,
7.478500000000000227e+02,
7.452999999999999545e+02,
7.801299999999999955e+02,
7.770099999999999909e+02,
7.484099999999999682e+02,
7.673899999999999864e+02,
8.152400000000000091e+02,
7.464299999999999500e+02,
8.339299999999999500e+02,
7.444500000000000455e+02,
8.166599999999999682e+02,
8.090099999999999909e+02,
7.665399999999999636e+02,
7.201000000000000227e+02,
7.399199999999999591e+02,
7.367999999999999545e+02,
7.277400000000000091e+02,
7.206599999999999682e+02,
7.441699999999999591e+02,
7.294400000000000546e+02,
7.470000000000000000e+02,
6.957400000000000091e+02,
6.685599999999999454e+02,
6.515700000000000500e+02,
6.943300000000000409e+02,
6.521399999999999864e+02,
6.342999999999999545e+02,
6.249500000000000455e+02,
6.167400000000000091e+02,
6.192899999999999636e+02,
6.209900000000000091e+02,
6.235399999999999636e+02,
6.331599999999999682e+02,
6.399600000000000364e+02,
6.419400000000000546e+02,
6.360000000000000000e+02,
6.260800000000000409e+02,
6.141900000000000546e+02,
6.096599999999999682e+02,
6.006000000000000227e+02,
6.034299999999999500e+02,
6.342699999999999818e+02,
1.087650000000000091e+03,
1.093029999999999973e+03,
1.087650000000000091e+03,
1.151930000000000064e+03,
1.211960000000000036e+03,
1.176000000000000000e+03,
1.260099999999999909e+03,
1.190720000000000027e+03,
1.245369999999999891e+03,
1.250750000000000000e+03,
1.263210000000000036e+03,
1.239430000000000064e+03,
1.192420000000000073e+03,
1.171750000000000000e+03,
1.186470000000000027e+03,
1.542700000000000045e+03,
1.736670000000000073e+03,
1.717980000000000018e+03,
1.726480000000000018e+03,
1.733549999999999955e+03,
1.790470000000000027e+03,
1.858710000000000036e+03,
1.812559999999999945e+03,
1.526839999999999918e+03,
1.420369999999999891e+03,
1.563369999999999891e+03,
1.644069999999999936e+03,
1.552039999999999964e+03,
1.619440000000000055e+03,
1.581779999999999973e+03,
1.868910000000000082e+03,
1.942529999999999973e+03,
1.877400000000000091e+03,
1.730720000000000027e+03,
1.734119999999999891e+03,
1.783390000000000100e+03,
2.164539999999999964e+03,
2.361619999999999891e+03,
2.546530000000000200e+03,
2.779579999999999927e+03,
2.761739999999999782e+03,
2.605150000000000091e+03,
2.528409999999999854e+03,
2.480550000000000182e+03,
2.392769999999999982e+03,
2.103940000000000055e+03,
2.293659999999999854e+03,
2.876139999999999873e+03,
3.572730000000000018e+03,
4.364470000000000255e+03,
5.266920000000000073e+03,
5.729619999999999891e+03,
5.726510000000000218e+03,
5.181970000000000255e+03,
4.319729999999999563e+03,
3.817099999999999909e+03,
3.662210000000000036e+03,
3.624550000000000182e+03,
3.700159999999999854e+03,
3.878840000000000146e+03,
4.174750000000000000e+03,
4.417420000000000073e+03,
4.453670000000000073e+03,
4.450270000000000437e+03,
4.684170000000000073e+03,
4.602050000000000182e+03,
4.425350000000000364e+03,
4.239869999999999891e+03,
4.030610000000000127e+03,
3.855329999999999927e+03,
3.554610000000000127e+03,
3.426619999999999891e+03,
3.512699999999999818e+03,
3.512699999999999818e+03,
3.628510000000000218e+03,
3.509019999999999982e+03,
3.394619999999999891e+03,
3.335440000000000055e+03,
3.502500000000000000e+03,
3.756789999999999964e+03,
3.825320000000000164e+03,
3.857030000000000200e+03,
3.802380000000000109e+03,
3.762449999999999818e+03,
3.909130000000000109e+03,
4.036559999999999945e+03,
3.744900000000000091e+03,
3.443889999999999873e+03,
3.128719999999999800e+03,
2.922289999999999964e+03,
2.893409999999999854e+03,
2.927960000000000036e+03,
3.146000000000000000e+03,
3.028480000000000018e+03,
2.880949999999999818e+03,
2.742480000000000018e+03,
2.502639999999999873e+03,
2.242969999999999800e+03,
2.030599999999999909e+03,
1.906569999999999936e+03,
1.843140000000000100e+03,
1.786789999999999964e+03,
1.717980000000000018e+03,
1.562799999999999955e+03,
1.365150000000000091e+03,
1.293509999999999991e+03,
1.354680000000000064e+03,
1.334849999999999909e+03,
1.291809999999999945e+03,
1.363170000000000073e+03,
1.335700000000000045e+03,
1.351279999999999973e+03,
1.279349999999999909e+03,
1.241130000000000109e+03,
1.247920000000000073e+03,
1.163250000000000000e+03,
1.265759999999999991e+03,
1.237730000000000018e+03,
1.233200000000000045e+03,
1.155039999999999964e+03,
1.279920000000000073e+03,
1.207990000000000009e+03,
1.208559999999999945e+03,
1.256700000000000045e+03,
1.282180000000000064e+03,
1.271420000000000073e+03,
1.214509999999999991e+03,
1.170329999999999927e+03,
1.196670000000000073e+03,
1.265480000000000018e+03,
1.234049999999999955e+03,
1.142299999999999955e+03,
1.073769999999999982e+03,
1.074910000000000082e+03,
9.619199999999999591e+02,
1.024500000000000000e+03,
1.063859999999999900e+03,
9.732500000000000000e+02,
1.042619999999999891e+03,
9.463500000000000227e+02,
9.421000000000000227e+02,
9.857100000000000364e+02,
1.049420000000000073e+03,
9.800399999999999636e+02,
1.018269999999999982e+03,
1.066130000000000109e+03,
9.336000000000000227e+02,
8.667799999999999727e+02,
8.797999999999999545e+02,
9.384199999999999591e+02,
8.619600000000000364e+02,
8.902799999999999727e+02,
9.234099999999999682e+02,
9.140700000000000500e+02,
1.224420000000000073e+03,
1.409329999999999927e+03,
1.560259999999999991e+03,
1.602450000000000045e+03,
1.571869999999999891e+03,
1.649170000000000073e+03,
1.698720000000000027e+03,
1.599900000000000091e+03,
1.804630000000000109e+03,
2.110170000000000073e+03,
2.171900000000000091e+03,
2.172179999999999836e+03,
2.255719999999999800e+03,
2.432409999999999854e+03,
2.537750000000000000e+03,
2.375780000000000200e+03,
2.240710000000000036e+03,
2.212389999999999873e+03,
2.225699999999999818e+03,
2.345199999999999818e+03,
2.514530000000000200e+03,
2.944099999999999909e+03,
3.528840000000000146e+03,
3.924710000000000036e+03,
3.751409999999999854e+03,
3.276250000000000000e+03,
2.939000000000000000e+03,
2.686130000000000109e+03,
2.503210000000000036e+03,
2.382860000000000127e+03,
2.202480000000000018e+03,
2.129420000000000073e+03,
2.052969999999999800e+03,
2.163119999999999891e+03,
2.341800000000000182e+03,
2.541150000000000091e+03,
3.042639999999999873e+03,
2.953440000000000055e+03,
2.891989999999999782e+03,
2.639130000000000109e+03,
2.347460000000000036e+03,
2.143579999999999927e+03,
2.265340000000000146e+03,
2.304139999999999873e+03,
2.583909999999999854e+03,
2.639690000000000055e+03,
2.627800000000000182e+03,
2.719260000000000218e+03,
3.219619999999999891e+03,
4.075070000000000164e+03,
4.585619999999999891e+03,
4.413739999999999782e+03,
3.966050000000000182e+03,
3.846269999999999982e+03,
4.193720000000000255e+03,
4.649619999999999891e+03,
4.556170000000000073e+03,
4.380890000000000327e+03,
4.411760000000000218e+03,
4.570329999999999927e+03,
4.595819999999999709e+03,
4.833680000000000291e+03,
4.701439999999999600e+03,
4.435829999999999927e+03,
4.150680000000000291e+03,
4.035429999999999836e+03,
4.138779999999999745e+03,
4.551359999999999673e+03,
4.765430000000000291e+03,
4.391369999999999891e+03,
3.810869999999999891e+03,
3.439360000000000127e+03,
3.032159999999999854e+03,
2.899920000000000073e+03,
2.684429999999999836e+03,
2.718409999999999854e+03,
2.891150000000000091e+03,
2.987989999999999782e+03,
2.894829999999999927e+03,
2.831679999999999836e+03,
2.775610000000000127e+03,
2.494429999999999836e+03,
2.449400000000000091e+03,
2.638840000000000146e+03,
2.935889999999999873e+03,
2.702269999999999982e+03,
2.347179999999999836e+03,
2.321980000000000018e+03,
2.228820000000000164e+03,
2.256849999999999909e+03,
2.120929999999999836e+03,
2.058630000000000109e+03,
1.987839999999999918e+03,
1.921009999999999991e+03,
1.879390000000000100e+03,
1.918180000000000064e+03,
1.829269999999999982e+03,
1.728740000000000009e+03,
1.743470000000000027e+03,
1.693339999999999918e+03,
1.602730000000000018e+03,
1.534200000000000045e+03,
1.458880000000000109e+03,
1.383279999999999973e+03,
1.338250000000000000e+03,
1.414710000000000036e+03,
1.411880000000000109e+03,
1.367700000000000045e+03,
1.335990000000000009e+03,
1.365150000000000091e+03,
1.342220000000000027e+03,
1.292099999999999909e+03,
1.219890000000000100e+03,
1.204309999999999945e+03,
1.158440000000000055e+03,
1.104920000000000073e+03,
1.061029999999999973e+03,
1.087369999999999891e+03,
1.095009999999999991e+03,
1.071509999999999991e+03,
1.162970000000000027e+03,
1.123039999999999964e+03,
1.100670000000000073e+03,
1.087930000000000064e+03,
1.036960000000000036e+03,
9.684299999999999500e+02,
1.038089999999999918e+03,
9.106699999999999591e+02,
8.684800000000000182e+02,
8.376100000000000136e+02,
9.018899999999999864e+02,
9.330399999999999636e+02,
9.273799999999999955e+02,
9.370000000000000000e+02,
9.389900000000000091e+02,
9.018899999999999864e+02,
8.568700000000000045e+02,
8.146699999999999591e+02,
8.251499999999999773e+02,
8.333600000000000136e+02,
9.330399999999999636e+02,
9.970299999999999727e+02,
1.031009999999999991e+03,
1.035259999999999991e+03,
9.486100000000000136e+02,
9.081200000000000045e+02,
7.954199999999999591e+02,
7.750299999999999727e+02,
8.387400000000000091e+02,
8.554500000000000455e+02,
8.152400000000000091e+02,
7.076399999999999864e+02,
6.903600000000000136e+02,
6.977300000000000182e+02,
9.656000000000000227e+02,
9.520099999999999909e+02,
9.811799999999999500e+02,
9.418200000000000500e+02,
8.574299999999999500e+02,
7.781499999999999773e+02,
7.962699999999999818e+02,
7.430299999999999727e+02,
7.254800000000000182e+02,
8.002300000000000182e+02,
7.860700000000000500e+02,
7.090499999999999545e+02,
7.393500000000000227e+02,
8.299700000000000273e+02,
8.390299999999999727e+02,
9.117999999999999545e+02,
9.511599999999999682e+02,
9.806100000000000136e+02,
1.128710000000000036e+03,
1.307670000000000073e+03,
1.350430000000000064e+03,
1.514950000000000045e+03,
1.951029999999999973e+03,
2.112429999999999836e+03,
1.911380000000000109e+03,
1.679190000000000055e+03,
1.544119999999999891e+03,
1.451240000000000009e+03,
1.567619999999999891e+03,
1.703259999999999991e+03,
1.694759999999999991e+03,
1.732140000000000100e+03,
1.687680000000000064e+03,
1.636430000000000064e+03,
1.613210000000000036e+03,
1.515519999999999982e+03,
1.438490000000000009e+03,
1.441329999999999927e+03,
1.362039999999999964e+03,
1.403950000000000045e+03,
1.400829999999999927e+03,
1.339380000000000109e+03,
1.386390000000000100e+03,
1.417539999999999964e+03,
1.493140000000000100e+03,
1.600750000000000000e+03,
1.701269999999999982e+03,
1.910819999999999936e+03,
2.220039999999999964e+03,
2.791750000000000000e+03,
2.989969999999999800e+03,
2.851780000000000200e+03,
2.424480000000000018e+03,
2.224280000000000200e+03,
2.042769999999999982e+03,
2.020970000000000027e+03,
1.947630000000000109e+03,
1.947059999999999945e+03,
2.026069999999999936e+03,
2.129989999999999782e+03,
2.074489999999999782e+03,
2.105349999999999909e+03,
2.279500000000000000e+03,
2.551340000000000146e+03,
3.885059999999999945e+03,
4.559000000000000000e+03,
5.980510000000000218e+03,
5.997500000000000000e+03,
5.939729999999999563e+03,
5.884510000000000218e+03,
5.213689999999999600e+03,
5.115430000000000291e+03,
4.711920000000000073e+03,
4.298489999999999782e+03,
3.876289999999999964e+03,
3.697320000000000164e+03,
3.682030000000000200e+03,
3.636159999999999854e+03,
3.368849999999999909e+03,
3.181679999999999836e+03,
2.887750000000000000e+03,
2.828849999999999909e+03,
3.133539999999999964e+03,
3.015460000000000036e+03,
2.692639999999999873e+03,
2.681030000000000200e+03,
2.701139999999999873e+03,
2.484519999999999982e+03,
2.370969999999999800e+03,
2.301309999999999945e+03,
2.332739999999999782e+03,
2.221449999999999818e+03,
2.111869999999999891e+03,
1.937150000000000091e+03,
1.752809999999999945e+03,
1.696180000000000064e+03,
1.608390000000000100e+03,
1.604430000000000064e+03,
1.584609999999999900e+03,
1.556859999999999900e+03,
1.509289999999999964e+03,
1.498529999999999973e+03,
1.447269999999999982e+03,
1.367700000000000045e+03,
1.323529999999999973e+03,
1.303710000000000036e+03,
1.391490000000000009e+03,
1.394039999999999964e+03,
1.298329999999999927e+03,
1.239710000000000036e+03,
1.244809999999999945e+03,
1.270569999999999936e+03,
1.243109999999999900e+03,
1.223289999999999964e+03,
1.093029999999999973e+03,
1.083970000000000027e+03,
1.091609999999999900e+03,
1.113130000000000109e+03,
1.113130000000000109e+03,
1.113700000000000045e+03,
1.054230000000000018e+03,
1.094440000000000055e+03,
1.017419999999999959e+03,
1.027329999999999927e+03,
1.081140000000000100e+03,
1.115970000000000027e+03,
1.217619999999999891e+03,
1.095859999999999900e+03,
9.522899999999999636e+02,
8.172200000000000273e+02,
8.339299999999999500e+02,
7.872100000000000364e+02,
8.217500000000000000e+02,
8.387400000000000091e+02,
8.741399999999999864e+02,
8.548799999999999955e+02,
8.364800000000000182e+02,
8.531900000000000546e+02,
7.988200000000000500e+02,
8.461100000000000136e+02,
8.900000000000000000e+02,
8.741399999999999864e+02,
8.381799999999999500e+02,
8.347799999999999727e+02,
8.007999999999999545e+02,
7.450199999999999818e+02,
7.450199999999999818e+02,
7.455800000000000409e+02,
7.141499999999999773e+02,
6.980099999999999909e+02,
6.660099999999999909e+02,
6.679900000000000091e+02,
6.756399999999999864e+02,
6.869700000000000273e+02,
1.356089999999999918e+03,
1.336549999999999955e+03,
1.182509999999999991e+03,
1.095579999999999927e+03,
1.047160000000000082e+03,
9.825900000000000318e+02,
9.825900000000000318e+02,
1.022519999999999982e+03,
1.109740000000000009e+03,
1.293509999999999991e+03,
1.383839999999999918e+03,
1.334000000000000000e+03,
1.379029999999999973e+03,
1.365440000000000055e+03,
1.277089999999999918e+03,
1.262930000000000064e+03,
1.307950000000000045e+03,
1.262930000000000064e+03,
1.294079999999999927e+03,
1.309650000000000091e+03,
1.285869999999999891e+03,
1.243109999999999900e+03,
1.211960000000000036e+03,
1.288410000000000082e+03,
1.305690000000000055e+03,
1.349579999999999927e+03,
1.452650000000000091e+03,
1.469640000000000100e+03,
1.543269999999999982e+03,
1.783680000000000064e+03,
2.041069999999999936e+03,
2.350289999999999964e+03,
2.519909999999999854e+03,
2.680750000000000000e+03,
2.464409999999999854e+03,
2.198519999999999982e+03,
1.979910000000000082e+03,
1.843990000000000009e+03,
1.839180000000000064e+03,
1.973680000000000064e+03,
2.305269999999999982e+03,
2.687260000000000218e+03,
2.641960000000000036e+03,
2.860000000000000000e+03,
2.777880000000000109e+03,
2.599199999999999818e+03,
2.509429999999999836e+03,
2.489050000000000182e+03,
2.633750000000000000e+03,
2.542849999999999909e+03,
2.466389999999999873e+03,
2.468940000000000055e+03,
2.289699999999999818e+03,
2.085250000000000000e+03,
2.145849999999999909e+03,
1.969430000000000064e+03,
1.750829999999999927e+03,
1.605279999999999973e+03,
1.644920000000000073e+03,
1.686829999999999927e+03,
1.636430000000000064e+03,
1.631049999999999955e+03,
1.537599999999999909e+03,
1.472470000000000027e+03,
1.495130000000000109e+03,
1.568750000000000000e+03,
1.619720000000000027e+03,
1.543269999999999982e+03,
1.599329999999999927e+03,
1.493990000000000009e+03,
1.452650000000000091e+03,
1.483799999999999955e+03,
1.611230000000000018e+03,
1.733269999999999982e+03,
1.585170000000000073e+03,
1.508720000000000027e+03,
1.327769999999999982e+03,
1.256700000000000045e+03,
1.243109999999999900e+03,
1.135220000000000027e+03,
1.081700000000000045e+03,
1.133799999999999955e+03,
1.086799999999999955e+03,
1.128710000000000036e+03,
1.092750000000000000e+03,
1.038940000000000055e+03,
8.891499999999999773e+02,
8.568700000000000045e+02,
8.673400000000000318e+02,
9.820299999999999727e+02,
1.006379999999999995e+03,
9.811799999999999500e+02,
9.117999999999999545e+02,
8.871699999999999591e+02,
9.154800000000000182e+02,
9.050000000000000000e+02,
9.050000000000000000e+02,
1.023090000000000032e+03,
1.068680000000000064e+03,
1.050269999999999982e+03,
1.066980000000000018e+03,
1.031579999999999927e+03,
9.418200000000000500e+02,
9.715499999999999545e+02,
9.624900000000000091e+02,
1.000429999999999950e+03,
9.287899999999999636e+02,
8.633799999999999955e+02,
8.514900000000000091e+02,
8.152400000000000091e+02,
8.625299999999999727e+02,
8.475199999999999818e+02,
7.478500000000000227e+02,
7.452999999999999545e+02,
7.801299999999999955e+02,
7.770099999999999909e+02,
7.484099999999999682e+02,
7.673899999999999864e+02,
8.152400000000000091e+02,
7.464299999999999500e+02,
8.339299999999999500e+02,
7.444500000000000455e+02,
8.166599999999999682e+02,
8.090099999999999909e+02,
7.665399999999999636e+02,
7.201000000000000227e+02,
7.399199999999999591e+02,
7.367999999999999545e+02,
7.277400000000000091e+02,
7.206599999999999682e+02,
7.441699999999999591e+02,
7.294400000000000546e+02,
7.470000000000000000e+02,
6.957400000000000091e+02,
6.685599999999999454e+02,
6.515700000000000500e+02,
6.943300000000000409e+02,
6.521399999999999864e+02,
6.342999999999999545e+02,
6.249500000000000455e+02,
6.167400000000000091e+02,
6.192899999999999636e+02,
6.209900000000000091e+02,
6.235399999999999636e+02,
6.331599999999999682e+02,
6.399600000000000364e+02,
6.419400000000000546e+02,
6.360000000000000000e+02,
6.260800000000000409e+02,
6.141900000000000546e+02,
6.096599999999999682e+02,
6.006000000000000227e+02,
6.034299999999999500e+02,
6.342699999999999818e+02,
1.356089999999999918e+03,
1.336549999999999955e+03,
1.182509999999999991e+03,
1.095579999999999927e+03,
1.047160000000000082e+03,
9.825900000000000318e+02,
9.825900000000000318e+02,
1.022519999999999982e+03,
1.109740000000000009e+03,
1.293509999999999991e+03,
1.383839999999999918e+03,
1.334000000000000000e+03,
1.379029999999999973e+03,
1.365440000000000055e+03,
1.277089999999999918e+03,
1.262930000000000064e+03,
1.307950000000000045e+03,
1.262930000000000064e+03,
1.294079999999999927e+03,
1.309650000000000091e+03,
1.285869999999999891e+03,
1.243109999999999900e+03,
1.211960000000000036e+03,
1.288410000000000082e+03,
1.305690000000000055e+03,
1.349579999999999927e+03,
1.452650000000000091e+03,
1.469640000000000100e+03,
1.543269999999999982e+03,
1.783680000000000064e+03,
2.041069999999999936e+03,
2.350289999999999964e+03,
2.519909999999999854e+03,
2.680750000000000000e+03,
2.464409999999999854e+03,
2.198519999999999982e+03,
1.979910000000000082e+03,
1.843990000000000009e+03,
1.839180000000000064e+03,
1.973680000000000064e+03,
2.305269999999999982e+03,
2.687260000000000218e+03,
2.641960000000000036e+03,
2.860000000000000000e+03,
2.777880000000000109e+03,
2.599199999999999818e+03,
2.509429999999999836e+03,
2.489050000000000182e+03,
2.633750000000000000e+03,
2.542849999999999909e+03,
2.466389999999999873e+03,
2.468940000000000055e+03,
2.289699999999999818e+03,
2.085250000000000000e+03,
2.145849999999999909e+03,
1.969430000000000064e+03,
1.750829999999999927e+03,
1.605279999999999973e+03,
1.644920000000000073e+03,
1.686829999999999927e+03,
1.636430000000000064e+03,
1.631049999999999955e+03,
1.537599999999999909e+03,
1.472470000000000027e+03,
1.495130000000000109e+03,
1.568750000000000000e+03,
1.619720000000000027e+03,
1.543269999999999982e+03,
1.599329999999999927e+03,
1.493990000000000009e+03,
1.452650000000000091e+03,
1.483799999999999955e+03,
1.611230000000000018e+03,
1.733269999999999982e+03,
1.585170000000000073e+03,
1.508720000000000027e+03,
1.327769999999999982e+03,
1.256700000000000045e+03,
1.243109999999999900e+03,
1.135220000000000027e+03,
1.081700000000000045e+03,
1.133799999999999955e+03,
1.086799999999999955e+03,
1.128710000000000036e+03,
1.092750000000000000e+03,
1.038940000000000055e+03,
8.891499999999999773e+02,
8.568700000000000045e+02,
8.673400000000000318e+02,
9.820299999999999727e+02,
1.006379999999999995e+03,
9.811799999999999500e+02,
9.117999999999999545e+02,
8.871699999999999591e+02,
9.154800000000000182e+02,
9.050000000000000000e+02,
9.050000000000000000e+02,
1.023090000000000032e+03,
1.068680000000000064e+03,
1.050269999999999982e+03,
1.066980000000000018e+03,
1.031579999999999927e+03,
9.418200000000000500e+02,
9.715499999999999545e+02,
9.624900000000000091e+02,
1.000429999999999950e+03,
9.287899999999999636e+02,
8.633799999999999955e+02,
8.514900000000000091e+02,
8.152400000000000091e+02,
8.625299999999999727e+02,
8.475199999999999818e+02,
7.478500000000000227e+02,
7.452999999999999545e+02,
7.801299999999999955e+02,
7.770099999999999909e+02,
7.484099999999999682e+02,
7.673899999999999864e+02,
8.152400000000000091e+02,
7.464299999999999500e+02,
8.339299999999999500e+02,
7.444500000000000455e+02,
8.166599999999999682e+02,
8.090099999999999909e+02,
7.665399999999999636e+02,
7.201000000000000227e+02,
7.399199999999999591e+02,
7.367999999999999545e+02,
7.277400000000000091e+02,
7.206599999999999682e+02,
7.441699999999999591e+02,
7.294400000000000546e+02,
7.470000000000000000e+02,
6.957400000000000091e+02,
6.685599999999999454e+02,
6.515700000000000500e+02,
6.943300000000000409e+02,
6.521399999999999864e+02,
6.342999999999999545e+02,
6.249500000000000455e+02,
6.167400000000000091e+02,
6.192899999999999636e+02,
6.209900000000000091e+02,
6.235399999999999636e+02,
6.331599999999999682e+02,
6.399600000000000364e+02,
6.419400000000000546e+02,
6.360000000000000000e+02,
6.260800000000000409e+02,
6.141900000000000546e+02,
6.096599999999999682e+02,
6.006000000000000227e+02,
6.034299999999999500e+02,
6.342699999999999818e+02,
1.356089999999999918e+03,
1.336549999999999955e+03,
1.182509999999999991e+03,
1.095579999999999927e+03,
1.047160000000000082e+03,
9.825900000000000318e+02,
9.825900000000000318e+02,
1.022519999999999982e+03,
1.109740000000000009e+03,
1.293509999999999991e+03,
1.383839999999999918e+03,
1.334000000000000000e+03,
1.379029999999999973e+03,
1.365440000000000055e+03,
1.277089999999999918e+03,
1.262930000000000064e+03,
1.307950000000000045e+03,
1.262930000000000064e+03,
1.294079999999999927e+03,
1.309650000000000091e+03,
1.285869999999999891e+03,
1.243109999999999900e+03,
1.211960000000000036e+03,
1.288410000000000082e+03,
1.305690000000000055e+03,
1.349579999999999927e+03,
1.452650000000000091e+03,
1.469640000000000100e+03,
1.543269999999999982e+03,
1.783680000000000064e+03,
2.041069999999999936e+03,
2.350289999999999964e+03,
2.519909999999999854e+03,
2.680750000000000000e+03,
2.464409999999999854e+03,
2.198519999999999982e+03,
1.979910000000000082e+03,
1.843990000000000009e+03,
1.839180000000000064e+03,
1.973680000000000064e+03,
2.305269999999999982e+03,
2.687260000000000218e+03,
2.641960000000000036e+03,
2.860000000000000000e+03,
2.777880000000000109e+03,
2.599199999999999818e+03,
2.509429999999999836e+03,
2.489050000000000182e+03,
2.633750000000000000e+03,
2.542849999999999909e+03,
2.466389999999999873e+03,
2.468940000000000055e+03,
2.289699999999999818e+03,
2.085250000000000000e+03,
2.145849999999999909e+03,
1.969430000000000064e+03,
1.750829999999999927e+03,
1.605279999999999973e+03,
1.644920000000000073e+03,
1.686829999999999927e+03,
1.636430000000000064e+03,
1.631049999999999955e+03,
1.537599999999999909e+03,
1.472470000000000027e+03,
1.495130000000000109e+03,
1.568750000000000000e+03,
1.619720000000000027e+03,
1.543269999999999982e+03,
1.599329999999999927e+03,
1.493990000000000009e+03,
1.452650000000000091e+03,
1.483799999999999955e+03,
1.611230000000000018e+03,
1.733269999999999982e+03,
1.585170000000000073e+03,
1.508720000000000027e+03,
1.327769999999999982e+03,
1.256700000000000045e+03,
1.243109999999999900e+03,
1.135220000000000027e+03,
1.081700000000000045e+03,
1.133799999999999955e+03,
1.086799999999999955e+03,
1.128710000000000036e+03,
1.092750000000000000e+03,
1.038940000000000055e+03,
8.891499999999999773e+02,
8.568700000000000045e+02,
8.673400000000000318e+02,
9.820299999999999727e+02,
1.006379999999999995e+03,
9.811799999999999500e+02,
9.117999999999999545e+02,
8.871699999999999591e+02,
9.154800000000000182e+02,
9.050000000000000000e+02,
9.050000000000000000e+02,
1.023090000000000032e+03,
1.068680000000000064e+03,
1.050269999999999982e+03,
1.066980000000000018e+03,
1.031579999999999927e+03,
9.418200000000000500e+02,
9.715499999999999545e+02,
9.624900000000000091e+02,
1.000429999999999950e+03,
9.287899999999999636e+02,
8.633799999999999955e+02,
8.514900000000000091e+02,
8.152400000000000091e+02,
8.625299999999999727e+02,
8.475199999999999818e+02,
7.478500000000000227e+02,
7.452999999999999545e+02,
7.801299999999999955e+02,
7.770099999999999909e+02,
7.484099999999999682e+02,
7.673899999999999864e+02,
8.152400000000000091e+02,
7.464299999999999500e+02,
8.339299999999999500e+02,
7.444500000000000455e+02,
8.166599999999999682e+02,
8.090099999999999909e+02,
7.665399999999999636e+02,
7.201000000000000227e+02,
7.399199999999999591e+02,
7.367999999999999545e+02,
7.277400000000000091e+02,
7.206599999999999682e+02,
7.441699999999999591e+02,
7.294400000000000546e+02,
7.470000000000000000e+02,
6.957400000000000091e+02,
6.685599999999999454e+02,
6.515700000000000500e+02,
6.943300000000000409e+02,
6.521399999999999864e+02,
6.342999999999999545e+02,
6.249500000000000455e+02,
6.167400000000000091e+02,
6.192899999999999636e+02,
6.209900000000000091e+02,
6.235399999999999636e+02,
6.331599999999999682e+02,
6.399600000000000364e+02,
6.419400000000000546e+02,
6.360000000000000000e+02,
6.260800000000000409e+02,
6.141900000000000546e+02,
6.096599999999999682e+02,
6.006000000000000227e+02,
6.034299999999999500e+02,
6.342699999999999818e+02,
1.356089999999999918e+03,
1.336549999999999955e+03,
1.182509999999999991e+03,
1.095579999999999927e+03,
1.047160000000000082e+03,
9.825900000000000318e+02,
9.825900000000000318e+02,
1.022519999999999982e+03,
1.109740000000000009e+03,
1.293509999999999991e+03,
1.383839999999999918e+03,
1.334000000000000000e+03,
1.379029999999999973e+03,
1.365440000000000055e+03,
1.277089999999999918e+03,
1.262930000000000064e+03,
1.307950000000000045e+03,
1.262930000000000064e+03,
1.294079999999999927e+03,
1.309650000000000091e+03,
1.285869999999999891e+03,
1.243109999999999900e+03,
1.211960000000000036e+03,
1.288410000000000082e+03,
1.305690000000000055e+03,
1.349579999999999927e+03,
1.452650000000000091e+03,
1.469640000000000100e+03,
1.543269999999999982e+03,
1.783680000000000064e+03,
2.041069999999999936e+03,
2.350289999999999964e+03,
2.519909999999999854e+03,
2.680750000000000000e+03,
2.464409999999999854e+03,
2.198519999999999982e+03,
1.979910000000000082e+03,
1.843990000000000009e+03,
1.839180000000000064e+03,
1.973680000000000064e+03,
2.305269999999999982e+03,
2.687260000000000218e+03,
2.641960000000000036e+03,
2.860000000000000000e+03,
2.777880000000000109e+03,
2.599199999999999818e+03,
2.509429999999999836e+03,
2.489050000000000182e+03,
2.633750000000000000e+03,
2.542849999999999909e+03,
2.466389999999999873e+03,
2.468940000000000055e+03,
2.289699999999999818e+03,
2.085250000000000000e+03,
2.145849999999999909e+03,
1.969430000000000064e+03,
1.750829999999999927e+03,
1.605279999999999973e+03,
1.644920000000000073e+03,
1.686829999999999927e+03,
1.636430000000000064e+03,
1.631049999999999955e+03,
1.537599999999999909e+03,
1.472470000000000027e+03,
1.495130000000000109e+03,
1.568750000000000000e+03,
1.619720000000000027e+03,
1.543269999999999982e+03,
1.599329999999999927e+03,
1.493990000000000009e+03,
1.452650000000000091e+03,
1.483799999999999955e+03,
1.611230000000000018e+03,
1.733269999999999982e+03,
1.585170000000000073e+03,
1.508720000000000027e+03,
1.327769999999999982e+03,
1.256700000000000045e+03,
1.243109999999999900e+03,
1.135220000000000027e+03,
1.081700000000000045e+03,
1.133799999999999955e+03,
1.086799999999999955e+03,
1.128710000000000036e+03,
1.092750000000000000e+03,
1.038940000000000055e+03,
8.891499999999999773e+02,
8.568700000000000045e+02,
8.673400000000000318e+02,
9.820299999999999727e+02,
1.006379999999999995e+03,
9.811799999999999500e+02,
9.117999999999999545e+02,
8.871699999999999591e+02,
9.154800000000000182e+02,
9.050000000000000000e+02,
9.050000000000000000e+02,
1.023090000000000032e+03,
1.068680000000000064e+03,
1.050269999999999982e+03,
1.066980000000000018e+03,
1.031579999999999927e+03,
9.418200000000000500e+02,
9.715499999999999545e+02,
9.624900000000000091e+02,
1.000429999999999950e+03,
9.287899999999999636e+02,
8.633799999999999955e+02,
8.514900000000000091e+02,
8.152400000000000091e+02,
8.625299999999999727e+02,
8.475199999999999818e+02,
7.478500000000000227e+02,
7.452999999999999545e+02,
7.801299999999999955e+02,
7.770099999999999909e+02,
7.484099999999999682e+02,
7.673899999999999864e+02,
8.152400000000000091e+02,
7.464299999999999500e+02,
8.339299999999999500e+02,
7.444500000000000455e+02,
8.166599999999999682e+02,
8.090099999999999909e+02,
7.665399999999999636e+02,
7.201000000000000227e+02,
7.399199999999999591e+02,
7.367999999999999545e+02,
7.277400000000000091e+02,
7.206599999999999682e+02,
7.441699999999999591e+02,
7.294400000000000546e+02,
7.470000000000000000e+02,
6.957400000000000091e+02,
6.685599999999999454e+02,
6.515700000000000500e+02,
6.943300000000000409e+02,
6.521399999999999864e+02,
6.342999999999999545e+02,
6.249500000000000455e+02,
6.167400000000000091e+02,
6.192899999999999636e+02,
6.209900000000000091e+02,
6.235399999999999636e+02,
6.331599999999999682e+02,
6.399600000000000364e+02,
6.419400000000000546e+02,
6.360000000000000000e+02,
6.260800000000000409e+02,
6.141900000000000546e+02,
6.096599999999999682e+02,
6.006000000000000227e+02,
6.034299999999999500e+02,
6.342699999999999818e+02,
1.356089999999999918e+03,
1.336549999999999955e+03,
1.182509999999999991e+03,
1.095579999999999927e+03,
1.047160000000000082e+03,
9.825900000000000318e+02,
9.825900000000000318e+02,
1.022519999999999982e+03,
1.109740000000000009e+03,
1.293509999999999991e+03,
1.383839999999999918e+03,
1.334000000000000000e+03,
1.379029999999999973e+03,
1.365440000000000055e+03,
1.277089999999999918e+03,
1.262930000000000064e+03,
1.307950000000000045e+03,
1.262930000000000064e+03,
1.294079999999999927e+03,
1.309650000000000091e+03,
1.285869999999999891e+03,
1.243109999999999900e+03,
1.211960000000000036e+03,
1.288410000000000082e+03,
1.305690000000000055e+03,
1.349579999999999927e+03,
1.452650000000000091e+03,
1.469640000000000100e+03,
1.543269999999999982e+03,
1.783680000000000064e+03,
2.041069999999999936e+03,
2.350289999999999964e+03,
2.519909999999999854e+03,
2.680750000000000000e+03,
2.464409999999999854e+03,
2.198519999999999982e+03,
1.979910000000000082e+03,
1.843990000000000009e+03,
1.839180000000000064e+03,
1.973680000000000064e+03,
2.305269999999999982e+03,
2.687260000000000218e+03,
2.641960000000000036e+03,
2.860000000000000000e+03,
2.777880000000000109e+03,
2.599199999999999818e+03,
2.509429999999999836e+03,
2.489050000000000182e+03,
2.633750000000000000e+03,
2.542849999999999909e+03,
2.466389999999999873e+03,
2.468940000000000055e+03,
2.289699999999999818e+03,
2.085250000000000000e+03,
2.145849999999999909e+03,
1.969430000000000064e+03,
1.750829999999999927e+03,
1.605279999999999973e+03,
1.644920000000000073e+03,
1.686829999999999927e+03,
1.636430000000000064e+03,
1.631049999999999955e+03,
1.537599999999999909e+03,
1.472470000000000027e+03,
1.495130000000000109e+03,
1.568750000000000000e+03,
1.619720000000000027e+03,
1.543269999999999982e+03,
1.599329999999999927e+03,
1.493990000000000009e+03,
1.452650000000000091e+03,
1.483799999999999955e+03,
1.611230000000000018e+03,
1.733269999999999982e+03,
1.585170000000000073e+03,
1.508720000000000027e+03,
1.327769999999999982e+03,
1.256700000000000045e+03,
1.243109999999999900e+03,
1.135220000000000027e+03,
1.081700000000000045e+03,
1.133799999999999955e+03,
1.086799999999999955e+03,
1.128710000000000036e+03,
1.092750000000000000e+03,
1.038940000000000055e+03,
8.891499999999999773e+02,
8.568700000000000045e+02,
8.673400000000000318e+02,
9.820299999999999727e+02,
1.006379999999999995e+03,
9.811799999999999500e+02,
9.117999999999999545e+02,
8.871699999999999591e+02,
9.154800000000000182e+02,
9.050000000000000000e+02,
9.050000000000000000e+02,
1.023090000000000032e+03,
1.068680000000000064e+03,
1.050269999999999982e+03,
1.066980000000000018e+03,
1.031579999999999927e+03,
9.418200000000000500e+02,
9.715499999999999545e+02,
9.624900000000000091e+02,
1.000429999999999950e+03,
9.287899999999999636e+02,
8.633799999999999955e+02,
8.514900000000000091e+02,
8.152400000000000091e+02,
8.625299999999999727e+02,
8.475199999999999818e+02,
7.478500000000000227e+02,
7.452999999999999545e+02,
7.801299999999999955e+02,
7.770099999999999909e+02,
7.484099999999999682e+02,
7.673899999999999864e+02,
8.152400000000000091e+02,
7.464299999999999500e+02,
8.339299999999999500e+02,
7.444500000000000455e+02,
1.166940000000000055e+03,
1.106900000000000091e+03,
1.061880000000000109e+03,
1.037529999999999973e+03,
1.077740000000000009e+03,
1.207990000000000009e+03,
1.110299999999999955e+03,
1.054230000000000018e+03,
1.118799999999999955e+03,
1.183930000000000064e+03,
1.149660000000000082e+03,
1.127569999999999936e+03,
1.071509999999999991e+03,
1.088210000000000036e+03,
1.149950000000000045e+03,
1.115680000000000064e+03,
1.046309999999999945e+03,
1.129839999999999918e+03,
1.263779999999999973e+03,
1.257269999999999982e+03,
1.219890000000000100e+03,
1.178549999999999955e+03,
1.160710000000000036e+03,
1.176559999999999945e+03,
1.219599999999999909e+03,
1.379309999999999945e+03,
1.423200000000000045e+03,
1.552329999999999927e+03,
1.634450000000000045e+03,
1.586309999999999945e+03,
1.603299999999999955e+03,
1.489750000000000000e+03,
1.367700000000000045e+03,
1.353829999999999927e+03,
1.542700000000000045e+03,
1.833799999999999955e+03,
1.997470000000000027e+03,
2.383429999999999836e+03,
2.428730000000000018e+03,
2.340949999999999818e+03,
2.757489999999999782e+03,
2.795150000000000091e+03,
2.590989999999999782e+03,
2.528409999999999854e+03,
2.518780000000000200e+03,
2.534920000000000073e+03,
2.803360000000000127e+03,
3.420670000000000073e+03,
3.392070000000000164e+03,
3.434829999999999927e+03,
3.854480000000000018e+03,
3.770099999999999909e+03,
3.461159999999999854e+03,
3.447000000000000000e+03,
3.226130000000000109e+03,
3.002150000000000091e+03,
2.807889999999999873e+03,
2.609389999999999873e+03,
2.520199999999999818e+03,
2.508590000000000146e+03,
2.370119999999999891e+03,
2.393340000000000146e+03,
2.660929999999999836e+03,
2.639130000000000109e+03,
2.511699999999999818e+03,
2.152079999999999927e+03,
2.208429999999999836e+03,
2.210130000000000109e+03,
2.091760000000000218e+03,
1.812279999999999973e+03,
1.659359999999999900e+03,
1.554589999999999918e+03,
1.478140000000000100e+03,
1.512119999999999891e+03,
1.463980000000000018e+03,
1.475589999999999918e+03,
1.394319999999999936e+03,
1.338819999999999936e+03,
1.341650000000000091e+03,
1.466809999999999945e+03,
1.526279999999999973e+03,
1.461150000000000091e+03,
1.503339999999999918e+03,
1.425750000000000000e+03,
1.342220000000000027e+03,
1.395170000000000073e+03,
1.314750000000000000e+03,
1.176559999999999945e+03,
1.161269999999999982e+03,
1.473609999999999900e+03,
1.596220000000000027e+03,
1.465960000000000036e+03,
1.383839999999999918e+03,
1.207150000000000091e+03,
1.141450000000000045e+03,
1.078589999999999918e+03,
1.150789999999999964e+03,
1.253019999999999982e+03,
1.246220000000000027e+03,
1.171750000000000000e+03,
1.095859999999999900e+03,
9.599400000000000546e+02,
9.899600000000000364e+02,
1.035259999999999991e+03,
1.066130000000000109e+03,
1.080000000000000000e+03,
9.780599999999999454e+02,
1.081980000000000018e+03,
1.003259999999999991e+03,
9.086900000000000546e+02,
1.030170000000000073e+03,
1.048569999999999936e+03,
9.981699999999999591e+02,
9.806100000000000136e+02,
9.186000000000000227e+02,
8.438400000000000318e+02,
8.721599999999999682e+02,
8.477999999999999545e+02,
8.245900000000000318e+02,
9.157699999999999818e+02,
1.105200000000000045e+03,
9.624900000000000091e+02,
8.528999999999999773e+02,
9.160499999999999545e+02,
9.429500000000000455e+02,
8.384600000000000364e+02,
8.129800000000000182e+02,
8.990599999999999454e+02,
9.522899999999999636e+02,
9.508799999999999955e+02,
8.574299999999999500e+02,
8.783899999999999864e+02,
8.293999999999999773e+02,
7.124500000000000455e+02,
7.110299999999999727e+02,
6.849800000000000182e+02,
6.866799999999999500e+02,
6.835700000000000500e+02,
6.830000000000000000e+02,
6.722400000000000091e+02,
6.014500000000000455e+02,
5.912500000000000000e+02,
5.898400000000000318e+02,
5.901200000000000045e+02,
5.974800000000000182e+02,
5.935199999999999818e+02,
5.929500000000000455e+02,
5.937999999999999545e+02,
6.102300000000000182e+02,
6.218400000000000318e+02,
6.198500000000000227e+02,
6.558200000000000500e+02,
6.167400000000000091e+02,
5.912500000000000000e+02,
1.943380000000000109e+03,
2.036829999999999927e+03,
2.063730000000000018e+03,
2.024930000000000064e+03,
2.087800000000000182e+03,
2.723230000000000018e+03,
3.488059999999999945e+03,
3.808329999999999927e+03,
3.680050000000000182e+03,
3.648340000000000146e+03,
3.596800000000000182e+03,
3.603880000000000109e+03,
3.603309999999999945e+03,
3.643239999999999782e+03,
3.842019999999999982e+03,
4.156060000000000400e+03,
4.309250000000000000e+03,
4.245539999999999964e+03,
4.120090000000000146e+03,
3.968030000000000200e+03,
3.727340000000000146e+03,
3.413019999999999982e+03,
3.254730000000000018e+03,
3.514960000000000036e+03,
3.841739999999999782e+03,
3.840889999999999873e+03,
3.817670000000000073e+03,
3.655699999999999818e+03,
3.632760000000000218e+03,
3.734699999999999818e+03,
4.153789999999999964e+03,
4.453670000000000073e+03,
4.039389999999999873e+03,
3.841170000000000073e+03,
3.668719999999999800e+03,
3.440489999999999782e+03,
3.460309999999999945e+03,
3.528269999999999982e+03,
3.614920000000000073e+03,
3.342519999999999982e+03,
3.052550000000000182e+03,
2.966179999999999836e+03,
2.895110000000000127e+03,
2.973260000000000218e+03,
3.157320000000000164e+03,
3.542429999999999836e+03,
3.920460000000000036e+03,
4.506340000000000146e+03,
4.909850000000000364e+03,
5.217939999999999600e+03,
5.596529999999999745e+03,
5.666470000000000255e+03,
5.207460000000000036e+03,
5.264090000000000146e+03,
5.050300000000000182e+03,
4.691239999999999782e+03,
4.578829999999999927e+03,
3.983610000000000127e+03,
3.787369999999999891e+03,
3.477869999999999891e+03,
3.333739999999999782e+03,
2.981760000000000218e+03,
2.893980000000000018e+03,
2.865940000000000055e+03,
3.043769999999999982e+03,
3.235760000000000218e+03,
3.435960000000000036e+03,
3.416989999999999782e+03,
3.477300000000000182e+03,
3.550929999999999836e+03,
3.700440000000000055e+03,
3.536489999999999782e+03,
3.364889999999999873e+03,
3.021400000000000091e+03,
2.879820000000000164e+03,
3.029900000000000091e+03,
3.126170000000000073e+03,
2.865940000000000055e+03,
2.677349999999999909e+03,
2.489050000000000182e+03,
2.261949999999999818e+03,
1.982180000000000064e+03,
1.884480000000000018e+03,
1.846259999999999991e+03,
1.798119999999999891e+03,
1.701839999999999918e+03,
1.615470000000000027e+03,
1.695609999999999900e+03,
1.658799999999999955e+03,
1.527410000000000082e+03,
1.579789999999999964e+03,
1.409609999999999900e+03,
1.317009999999999991e+03,
1.266609999999999900e+03,
1.264910000000000082e+03,
1.275960000000000036e+03,
1.317859999999999900e+03,
1.319849999999999909e+03,
1.350150000000000091e+03,
1.385819999999999936e+03,
1.323809999999999945e+03,
1.324940000000000055e+03,
1.402250000000000000e+03,
1.347599999999999909e+03,
1.239710000000000036e+03,
1.176279999999999973e+03,
1.175150000000000091e+03,
1.117380000000000109e+03,
1.160710000000000036e+03,
1.146829999999999927e+03,
1.106900000000000091e+03,
1.116250000000000000e+03,
1.191289999999999964e+03,
1.126730000000000018e+03,
1.155039999999999964e+03,
1.174299999999999955e+03,
1.010909999999999968e+03,
9.630499999999999545e+02,
9.469099999999999682e+02,
9.616399999999999864e+02,
1.003259999999999991e+03,
8.279800000000000182e+02,
8.112799999999999727e+02,
7.266100000000000136e+02,
7.260399999999999636e+02,
8.129800000000000182e+02,
8.562999999999999545e+02,
8.526200000000000045e+02,
8.602599999999999909e+02,
8.520499999999999545e+02,
9.109500000000000455e+02,
8.608300000000000409e+02,
8.208999999999999773e+02,
8.214700000000000273e+02,
7.484099999999999682e+02,
7.183999999999999773e+02,
7.317100000000000364e+02,
7.993799999999999955e+02,
8.141100000000000136e+02,
7.472799999999999727e+02,
7.535099999999999909e+02,
8.231699999999999591e+02,
8.197699999999999818e+02,
8.656399999999999864e+02,
8.599800000000000182e+02,
7.529400000000000546e+02,
7.087699999999999818e+02,
6.439199999999999591e+02,
6.340099999999999909e+02,
6.408099999999999454e+02,
6.546799999999999500e+02,
7.526599999999999682e+02,
7.546399999999999864e+02,
6.382599999999999909e+02,
1.356089999999999918e+03,
1.336549999999999955e+03,
1.182509999999999991e+03,
1.095579999999999927e+03,
1.047160000000000082e+03,
9.825900000000000318e+02,
9.825900000000000318e+02,
1.022519999999999982e+03,
1.109740000000000009e+03,
1.293509999999999991e+03,
1.383839999999999918e+03,
1.334000000000000000e+03,
1.379029999999999973e+03,
1.365440000000000055e+03,
1.277089999999999918e+03,
1.262930000000000064e+03,
1.307950000000000045e+03,
1.262930000000000064e+03,
1.294079999999999927e+03,
1.309650000000000091e+03,
1.285869999999999891e+03,
1.243109999999999900e+03,
1.211960000000000036e+03,
1.288410000000000082e+03,
1.305690000000000055e+03,
1.349579999999999927e+03,
1.452650000000000091e+03,
1.469640000000000100e+03,
1.543269999999999982e+03,
1.783680000000000064e+03,
2.041069999999999936e+03,
2.350289999999999964e+03,
2.519909999999999854e+03,
2.680750000000000000e+03,
2.464409999999999854e+03,
2.198519999999999982e+03,
1.979910000000000082e+03,
1.843990000000000009e+03,
1.839180000000000064e+03,
1.973680000000000064e+03,
2.305269999999999982e+03,
2.687260000000000218e+03,
2.641960000000000036e+03,
2.860000000000000000e+03,
2.777880000000000109e+03,
2.599199999999999818e+03,
2.509429999999999836e+03,
2.489050000000000182e+03,
2.633750000000000000e+03,
2.542849999999999909e+03,
2.466389999999999873e+03,
2.468940000000000055e+03,
2.289699999999999818e+03,
2.085250000000000000e+03,
2.145849999999999909e+03,
1.969430000000000064e+03,
1.750829999999999927e+03,
1.605279999999999973e+03,
1.644920000000000073e+03,
1.686829999999999927e+03,
1.636430000000000064e+03,
1.631049999999999955e+03,
1.537599999999999909e+03,
1.472470000000000027e+03,
1.495130000000000109e+03,
1.568750000000000000e+03,
1.619720000000000027e+03,
1.543269999999999982e+03,
1.599329999999999927e+03,
1.493990000000000009e+03,
1.452650000000000091e+03,
1.483799999999999955e+03,
1.611230000000000018e+03,
1.733269999999999982e+03,
1.585170000000000073e+03,
1.508720000000000027e+03,
1.327769999999999982e+03,
1.256700000000000045e+03,
1.243109999999999900e+03,
1.135220000000000027e+03,
1.081700000000000045e+03,
1.133799999999999955e+03,
1.086799999999999955e+03,
1.128710000000000036e+03,
1.092750000000000000e+03,
1.038940000000000055e+03,
8.891499999999999773e+02,
8.568700000000000045e+02,
8.673400000000000318e+02,
9.820299999999999727e+02,
1.006379999999999995e+03,
9.811799999999999500e+02,
9.117999999999999545e+02,
8.871699999999999591e+02,
9.154800000000000182e+02,
9.050000000000000000e+02,
9.050000000000000000e+02,
1.023090000000000032e+03,
1.068680000000000064e+03,
1.050269999999999982e+03,
1.066980000000000018e+03,
1.031579999999999927e+03,
9.418200000000000500e+02,
9.715499999999999545e+02,
9.624900000000000091e+02,
1.000429999999999950e+03,
9.287899999999999636e+02,
8.633799999999999955e+02,
8.514900000000000091e+02,
8.152400000000000091e+02,
8.625299999999999727e+02,
8.475199999999999818e+02,
7.478500000000000227e+02,
7.452999999999999545e+02,
7.801299999999999955e+02,
7.770099999999999909e+02,
7.484099999999999682e+02,
7.673899999999999864e+02,
8.152400000000000091e+02,
7.464299999999999500e+02,
8.339299999999999500e+02,
7.444500000000000455e+02,
8.166599999999999682e+02,
8.090099999999999909e+02,
7.665399999999999636e+02,
7.201000000000000227e+02,
7.399199999999999591e+02,
7.367999999999999545e+02,
7.277400000000000091e+02,
7.206599999999999682e+02,
7.441699999999999591e+02,
7.294400000000000546e+02,
7.470000000000000000e+02,
6.957400000000000091e+02,
6.685599999999999454e+02,
6.515700000000000500e+02,
6.943300000000000409e+02,
6.521399999999999864e+02,
6.342999999999999545e+02,
6.249500000000000455e+02,
6.167400000000000091e+02,
6.192899999999999636e+02,
6.209900000000000091e+02,
6.235399999999999636e+02,
6.331599999999999682e+02,
6.399600000000000364e+02,
6.419400000000000546e+02,
6.360000000000000000e+02,
6.260800000000000409e+02,
6.141900000000000546e+02,
6.096599999999999682e+02,
6.006000000000000227e+02,
6.034299999999999500e+02,
6.342699999999999818e+02,
1.087650000000000091e+03,
1.093029999999999973e+03,
1.087650000000000091e+03,
1.151930000000000064e+03,
1.211960000000000036e+03,
1.176000000000000000e+03,
1.260099999999999909e+03,
1.190720000000000027e+03,
1.245369999999999891e+03,
1.250750000000000000e+03,
1.263210000000000036e+03,
1.239430000000000064e+03,
1.192420000000000073e+03,
1.171750000000000000e+03,
1.186470000000000027e+03,
1.542700000000000045e+03,
1.736670000000000073e+03,
1.717980000000000018e+03,
1.726480000000000018e+03,
1.733549999999999955e+03,
1.790470000000000027e+03,
1.858710000000000036e+03,
1.812559999999999945e+03,
1.526839999999999918e+03,
1.420369999999999891e+03,
1.563369999999999891e+03,
1.644069999999999936e+03,
1.552039999999999964e+03,
1.619440000000000055e+03,
1.581779999999999973e+03,
1.868910000000000082e+03,
1.942529999999999973e+03,
1.877400000000000091e+03,
1.730720000000000027e+03,
1.734119999999999891e+03,
1.783390000000000100e+03,
2.164539999999999964e+03,
2.361619999999999891e+03,
2.546530000000000200e+03,
2.779579999999999927e+03,
2.761739999999999782e+03,
2.605150000000000091e+03,
2.528409999999999854e+03,
2.480550000000000182e+03,
2.392769999999999982e+03,
2.103940000000000055e+03,
2.293659999999999854e+03,
2.876139999999999873e+03,
3.572730000000000018e+03,
4.364470000000000255e+03,
5.266920000000000073e+03,
5.729619999999999891e+03,
5.726510000000000218e+03,
5.181970000000000255e+03,
4.319729999999999563e+03,
3.817099999999999909e+03,
3.662210000000000036e+03,
3.624550000000000182e+03,
3.700159999999999854e+03,
3.878840000000000146e+03,
4.174750000000000000e+03,
4.417420000000000073e+03,
4.453670000000000073e+03,
4.450270000000000437e+03,
4.684170000000000073e+03,
4.602050000000000182e+03,
4.425350000000000364e+03,
4.239869999999999891e+03,
4.030610000000000127e+03,
3.855329999999999927e+03,
3.554610000000000127e+03,
3.426619999999999891e+03,
3.512699999999999818e+03,
3.512699999999999818e+03,
3.628510000000000218e+03,
3.509019999999999982e+03,
3.394619999999999891e+03,
3.335440000000000055e+03,
3.502500000000000000e+03,
3.756789999999999964e+03,
3.825320000000000164e+03,
3.857030000000000200e+03,
3.802380000000000109e+03,
3.762449999999999818e+03,
3.909130000000000109e+03,
4.036559999999999945e+03,
3.744900000000000091e+03,
3.443889999999999873e+03,
3.128719999999999800e+03,
2.922289999999999964e+03,
2.893409999999999854e+03,
2.927960000000000036e+03,
3.146000000000000000e+03,
3.028480000000000018e+03,
2.880949999999999818e+03,
2.742480000000000018e+03,
2.502639999999999873e+03,
2.242969999999999800e+03,
2.030599999999999909e+03,
1.906569999999999936e+03,
1.843140000000000100e+03,
1.786789999999999964e+03,
1.717980000000000018e+03,
1.562799999999999955e+03,
1.365150000000000091e+03,
1.293509999999999991e+03,
1.354680000000000064e+03,
1.334849999999999909e+03,
1.291809999999999945e+03,
1.363170000000000073e+03,
1.335700000000000045e+03,
1.351279999999999973e+03,
1.279349999999999909e+03,
1.241130000000000109e+03,
1.247920000000000073e+03,
1.163250000000000000e+03,
1.265759999999999991e+03,
1.237730000000000018e+03,
1.233200000000000045e+03,
1.155039999999999964e+03,
1.279920000000000073e+03,
1.207990000000000009e+03,
1.208559999999999945e+03,
1.256700000000000045e+03,
1.282180000000000064e+03,
1.271420000000000073e+03,
1.214509999999999991e+03,
1.170329999999999927e+03,
1.196670000000000073e+03,
1.265480000000000018e+03,
1.234049999999999955e+03,
1.142299999999999955e+03,
1.073769999999999982e+03,
1.074910000000000082e+03,
9.619199999999999591e+02,
1.024500000000000000e+03,
1.063859999999999900e+03,
9.732500000000000000e+02,
1.042619999999999891e+03,
9.463500000000000227e+02,
9.421000000000000227e+02,
9.857100000000000364e+02,
1.049420000000000073e+03,
9.800399999999999636e+02,
1.018269999999999982e+03,
1.066130000000000109e+03,
9.336000000000000227e+02,
8.667799999999999727e+02,
8.797999999999999545e+02,
9.384199999999999591e+02,
8.619600000000000364e+02,
8.902799999999999727e+02,
9.234099999999999682e+02,
9.140700000000000500e+02,
1.224420000000000073e+03,
1.409329999999999927e+03,
1.560259999999999991e+03,
1.602450000000000045e+03,
1.571869999999999891e+03,
1.649170000000000073e+03,
1.698720000000000027e+03,
1.599900000000000091e+03,
1.804630000000000109e+03,
2.110170000000000073e+03,
2.171900000000000091e+03,
2.172179999999999836e+03,
2.255719999999999800e+03,
2.432409999999999854e+03,
2.537750000000000000e+03,
2.375780000000000200e+03,
2.240710000000000036e+03,
2.212389999999999873e+03,
2.225699999999999818e+03,
2.345199999999999818e+03,
2.514530000000000200e+03,
2.944099999999999909e+03,
3.528840000000000146e+03,
3.924710000000000036e+03,
3.751409999999999854e+03,
3.276250000000000000e+03,
2.939000000000000000e+03,
2.686130000000000109e+03,
2.503210000000000036e+03,
2.382860000000000127e+03,
2.202480000000000018e+03,
2.129420000000000073e+03,
2.052969999999999800e+03,
2.163119999999999891e+03,
2.341800000000000182e+03,
2.541150000000000091e+03,
3.042639999999999873e+03,
2.953440000000000055e+03,
2.891989999999999782e+03,
2.639130000000000109e+03,
2.347460000000000036e+03,
2.143579999999999927e+03,
2.265340000000000146e+03,
2.304139999999999873e+03,
2.583909999999999854e+03,
2.639690000000000055e+03,
2.627800000000000182e+03,
2.719260000000000218e+03,
3.219619999999999891e+03,
4.075070000000000164e+03,
4.585619999999999891e+03,
4.413739999999999782e+03,
3.966050000000000182e+03,
3.846269999999999982e+03,
4.193720000000000255e+03,
4.649619999999999891e+03,
4.556170000000000073e+03,
4.380890000000000327e+03,
4.411760000000000218e+03,
4.570329999999999927e+03,
4.595819999999999709e+03,
4.833680000000000291e+03,
4.701439999999999600e+03,
4.435829999999999927e+03,
4.150680000000000291e+03,
4.035429999999999836e+03,
4.138779999999999745e+03,
4.551359999999999673e+03,
4.765430000000000291e+03,
4.391369999999999891e+03,
3.810869999999999891e+03,
3.439360000000000127e+03,
3.032159999999999854e+03,
2.899920000000000073e+03,
2.684429999999999836e+03,
2.718409999999999854e+03,
2.891150000000000091e+03,
2.987989999999999782e+03,
2.894829999999999927e+03,
2.831679999999999836e+03,
2.775610000000000127e+03,
2.494429999999999836e+03,
2.449400000000000091e+03,
2.638840000000000146e+03,
2.935889999999999873e+03,
2.702269999999999982e+03,
2.347179999999999836e+03,
2.321980000000000018e+03,
2.228820000000000164e+03,
2.256849999999999909e+03,
2.120929999999999836e+03,
2.058630000000000109e+03,
1.987839999999999918e+03,
1.921009999999999991e+03,
1.879390000000000100e+03,
1.918180000000000064e+03,
1.829269999999999982e+03,
1.728740000000000009e+03,
1.743470000000000027e+03,
1.693339999999999918e+03,
1.602730000000000018e+03,
1.534200000000000045e+03,
1.458880000000000109e+03,
1.383279999999999973e+03,
1.338250000000000000e+03,
1.414710000000000036e+03,
1.411880000000000109e+03,
1.367700000000000045e+03,
1.335990000000000009e+03,
1.365150000000000091e+03,
1.342220000000000027e+03,
1.292099999999999909e+03,
1.219890000000000100e+03,
1.204309999999999945e+03,
1.158440000000000055e+03,
1.104920000000000073e+03,
1.061029999999999973e+03,
1.087369999999999891e+03,
1.095009999999999991e+03,
1.071509999999999991e+03,
1.162970000000000027e+03,
1.123039999999999964e+03,
1.100670000000000073e+03,
1.087930000000000064e+03,
1.036960000000000036e+03,
9.684299999999999500e+02,
1.038089999999999918e+03,
9.106699999999999591e+02,
8.684800000000000182e+02,
8.376100000000000136e+02,
9.018899999999999864e+02,
9.330399999999999636e+02,
9.273799999999999955e+02,
9.370000000000000000e+02,
9.389900000000000091e+02,
9.018899999999999864e+02,
8.568700000000000045e+02,
8.146699999999999591e+02,
8.251499999999999773e+02,
8.333600000000000136e+02,
9.330399999999999636e+02,
9.970299999999999727e+02,
1.031009999999999991e+03,
1.035259999999999991e+03,
9.486100000000000136e+02,
9.081200000000000045e+02,
7.954199999999999591e+02,
7.750299999999999727e+02,
8.387400000000000091e+02,
8.554500000000000455e+02,
8.152400000000000091e+02,
7.076399999999999864e+02,
6.903600000000000136e+02,
6.977300000000000182e+02,
9.656000000000000227e+02,
9.520099999999999909e+02,
9.811799999999999500e+02,
9.418200000000000500e+02,
8.574299999999999500e+02,
7.781499999999999773e+02,
7.962699999999999818e+02,
7.430299999999999727e+02,
7.254800000000000182e+02,
8.002300000000000182e+02,
7.860700000000000500e+02,
7.090499999999999545e+02,
7.393500000000000227e+02,
8.299700000000000273e+02,
8.390299999999999727e+02,
9.117999999999999545e+02,
9.511599999999999682e+02,
9.806100000000000136e+02,
1.128710000000000036e+03,
1.307670000000000073e+03,
1.350430000000000064e+03,
1.514950000000000045e+03,
1.951029999999999973e+03,
2.112429999999999836e+03,
1.911380000000000109e+03,
1.679190000000000055e+03,
1.544119999999999891e+03,
1.451240000000000009e+03,
1.567619999999999891e+03,
1.703259999999999991e+03,
1.694759999999999991e+03,
1.732140000000000100e+03,
1.687680000000000064e+03,
1.636430000000000064e+03,
1.613210000000000036e+03,
1.515519999999999982e+03,
1.438490000000000009e+03,
1.441329999999999927e+03,
1.362039999999999964e+03,
1.403950000000000045e+03,
1.400829999999999927e+03,
1.339380000000000109e+03,
1.386390000000000100e+03,
1.417539999999999964e+03,
1.493140000000000100e+03,
1.600750000000000000e+03,
1.701269999999999982e+03,
1.910819999999999936e+03,
2.220039999999999964e+03,
2.791750000000000000e+03,
2.989969999999999800e+03,
2.851780000000000200e+03,
2.424480000000000018e+03,
2.224280000000000200e+03,
2.042769999999999982e+03,
2.020970000000000027e+03,
1.947630000000000109e+03,
1.947059999999999945e+03,
2.026069999999999936e+03,
2.129989999999999782e+03,
2.074489999999999782e+03,
2.105349999999999909e+03,
2.279500000000000000e+03,
2.551340000000000146e+03,
3.885059999999999945e+03,
4.559000000000000000e+03,
5.980510000000000218e+03,
5.997500000000000000e+03,
5.939729999999999563e+03,
5.884510000000000218e+03,
5.213689999999999600e+03,
5.115430000000000291e+03,
4.711920000000000073e+03,
4.298489999999999782e+03,
3.876289999999999964e+03,
3.697320000000000164e+03,
3.682030000000000200e+03,
3.636159999999999854e+03,
3.368849999999999909e+03,
3.181679999999999836e+03,
2.887750000000000000e+03,
2.828849999999999909e+03,
3.133539999999999964e+03,
3.015460000000000036e+03,
2.692639999999999873e+03,
2.681030000000000200e+03,
2.701139999999999873e+03,
2.484519999999999982e+03,
2.370969999999999800e+03,
2.301309999999999945e+03,
2.332739999999999782e+03,
2.221449999999999818e+03,
2.111869999999999891e+03,
1.937150000000000091e+03,
1.752809999999999945e+03,
1.696180000000000064e+03,
1.608390000000000100e+03,
1.604430000000000064e+03,
1.584609999999999900e+03,
1.556859999999999900e+03,
1.509289999999999964e+03,
1.498529999999999973e+03,
1.447269999999999982e+03,
1.367700000000000045e+03,
1.323529999999999973e+03,
1.303710000000000036e+03,
