6.980000000000000426e+00,
6.549999999999999822e+00,
6.629999999999999893e+00,
6.730000000000000426e+00,
6.990000000000000213e+00,
7.339999999999999858e+00,
7.690000000000000391e+00,
7.870000000000000107e+00,
7.919999999999999929e+00,
8.169999999999999929e+00,
8.490000000000000213e+00,
8.630000000000000782e+00,
8.509999999999999787e+00,
8.470000000000000639e+00,
8.560000000000000497e+00,
8.710000000000000853e+00,
8.699999999999999289e+00,
8.550000000000000711e+00,
8.439999999999999503e+00,
8.710000000000000853e+00,
9.009999999999999787e+00,
9.210000000000000853e+00,
9.210000000000000853e+00,
9.390000000000000568e+00,
9.919999999999999929e+00,
1.033999999999999986e+01,
1.073000000000000043e+01,
1.108000000000000007e+01,
1.136999999999999922e+01,
1.149000000000000021e+01,
1.133999999999999986e+01,
1.121000000000000085e+01,
1.108000000000000007e+01,
1.110999999999999943e+01,
1.122000000000000064e+01,
1.153999999999999915e+01,
1.177999999999999936e+01,
1.183000000000000007e+01,
1.180000000000000071e+01,
1.156000000000000050e+01,
1.131000000000000050e+01,
1.118999999999999950e+01,
1.108000000000000007e+01,
1.118999999999999950e+01,
1.150999999999999979e+01,
1.183999999999999986e+01,
1.208000000000000007e+01,
1.207000000000000028e+01,
1.166999999999999993e+01,
1.125999999999999979e+01,
1.128999999999999915e+01,
1.134999999999999964e+01,
1.149000000000000021e+01,
1.166000000000000014e+01,
1.180000000000000071e+01,
1.194999999999999929e+01,
1.223000000000000043e+01,
1.266999999999999993e+01,
1.323000000000000043e+01,
1.391999999999999993e+01,
1.439000000000000057e+01,
1.467999999999999972e+01,
1.475000000000000000e+01,
1.465000000000000036e+01,
1.433000000000000007e+01,
1.396000000000000085e+01,
1.367999999999999972e+01,
1.361999999999999922e+01,
1.361999999999999922e+01,
1.358000000000000007e+01,
1.363000000000000078e+01,
1.369999999999999929e+01,
1.375999999999999979e+01,
1.386999999999999922e+01,
1.400999999999999979e+01,
1.410999999999999943e+01,
1.422000000000000064e+01,
1.444999999999999929e+01,
1.463000000000000078e+01,
1.492999999999999972e+01,
1.528999999999999915e+01,
1.558999999999999986e+01,
1.586999999999999922e+01,
1.626999999999999957e+01,
1.664000000000000057e+01,
1.701000000000000156e+01,
1.739999999999999858e+01,
1.773000000000000043e+01,
1.798000000000000043e+01,
1.826999999999999957e+01,
1.850000000000000000e+01,
1.842999999999999972e+01,
1.862999999999999901e+01,
1.882999999999999829e+01,
1.892999999999999972e+01,
1.896999999999999886e+01,
1.905000000000000071e+01,
1.937000000000000099e+01,
1.957999999999999829e+01,
1.969000000000000128e+01,
1.976000000000000156e+01,
1.982999999999999829e+01,
1.982999999999999829e+01,
1.960999999999999943e+01,
1.932999999999999829e+01,
1.955000000000000071e+01,
1.957999999999999829e+01,
1.948000000000000043e+01,
1.941000000000000014e+01,
1.939000000000000057e+01,
1.925000000000000000e+01,
1.919000000000000128e+01,
1.930000000000000071e+01,
1.933999999999999986e+01,
1.932000000000000028e+01,
1.932000000000000028e+01,
1.928999999999999915e+01,
1.914999999999999858e+01,
1.892000000000000171e+01,
1.873999999999999844e+01,
1.866000000000000014e+01,
1.892000000000000171e+01,
1.905000000000000071e+01,
1.900000000000000000e+01,
1.896999999999999886e+01,
1.898999999999999844e+01,
1.891000000000000014e+01,
1.878000000000000114e+01,
1.885000000000000142e+01,
1.914999999999999858e+01,
1.930000000000000071e+01,
1.930999999999999872e+01,
1.930000000000000071e+01,
1.921999999999999886e+01,
1.919000000000000128e+01,
1.917000000000000171e+01,
1.905999999999999872e+01,
1.891000000000000014e+01,
1.885000000000000142e+01,
1.876999999999999957e+01,
1.869999999999999929e+01,
1.858999999999999986e+01,
1.857000000000000028e+01,
1.869999999999999929e+01,
1.880999999999999872e+01,
1.887000000000000099e+01,
1.892999999999999972e+01,
1.898999999999999844e+01,
1.892999999999999972e+01,
1.878999999999999915e+01,
1.869999999999999929e+01,
1.885000000000000142e+01,
1.891000000000000014e+01,
1.882999999999999829e+01,
6.889999999999999680e+00,
6.910000000000000142e+00,
7.120000000000000107e+00,
7.320000000000000284e+00,
7.379999999999999893e+00,
7.339999999999999858e+00,
7.620000000000000107e+00,
7.900000000000000355e+00,
7.900000000000000355e+00,
7.879999999999999893e+00,
7.969999999999999751e+00,
8.269999999999999574e+00,
8.480000000000000426e+00,
8.580000000000000071e+00,
8.640000000000000568e+00,
8.759999999999999787e+00,
8.880000000000000782e+00,
8.900000000000000355e+00,
8.720000000000000639e+00,
8.439999999999999503e+00,
8.509999999999999787e+00,
8.750000000000000000e+00,
9.109999999999999432e+00,
9.550000000000000711e+00,
9.730000000000000426e+00,
9.750000000000000000e+00,
9.710000000000000853e+00,
9.689999999999999503e+00,
9.849999999999999645e+00,
1.018999999999999950e+01,
1.058000000000000007e+01,
1.092999999999999972e+01,
1.096000000000000085e+01,
1.086999999999999922e+01,
1.075000000000000000e+01,
1.058000000000000007e+01,
1.060999999999999943e+01,
1.092999999999999972e+01,
1.143999999999999950e+01,
1.157000000000000028e+01,
1.149000000000000021e+01,
1.125000000000000000e+01,
1.108000000000000007e+01,
1.130000000000000071e+01,
1.163000000000000078e+01,
1.200000000000000000e+01,
1.246000000000000085e+01,
1.289000000000000057e+01,
1.300999999999999979e+01,
1.288000000000000078e+01,
1.260999999999999943e+01,
1.230000000000000071e+01,
1.210999999999999943e+01,
1.196000000000000085e+01,
1.181000000000000050e+01,
1.192999999999999972e+01,
1.208000000000000007e+01,
1.221000000000000085e+01,
1.233000000000000007e+01,
1.240000000000000036e+01,
1.242999999999999972e+01,
1.240000000000000036e+01,
1.238000000000000078e+01,
1.272000000000000064e+01,
1.324000000000000021e+01,
1.375000000000000000e+01,
1.405000000000000071e+01,
1.418999999999999950e+01,
1.419999999999999929e+01,
1.419999999999999929e+01,
1.446000000000000085e+01,
1.458000000000000007e+01,
1.450000000000000000e+01,
1.426999999999999957e+01,
1.426999999999999957e+01,
1.449000000000000021e+01,
1.471000000000000085e+01,
1.482000000000000028e+01,
1.484999999999999964e+01,
1.488000000000000078e+01,
1.500999999999999979e+01,
1.525999999999999979e+01,
1.563000000000000078e+01,
1.596000000000000085e+01,
1.628000000000000114e+01,
1.655999999999999872e+01,
1.687999999999999901e+01,
1.730000000000000071e+01,
1.776000000000000156e+01,
1.817000000000000171e+01,
1.862999999999999901e+01,
1.907000000000000028e+01,
1.912000000000000099e+01,
1.953000000000000114e+01,
1.935000000000000142e+01,
1.966000000000000014e+01,
2.003000000000000114e+01,
2.028999999999999915e+01,
2.051000000000000156e+01,
2.057000000000000028e+01,
2.032000000000000028e+01,
2.003999999999999915e+01,
1.983999999999999986e+01,
1.980999999999999872e+01,
1.978000000000000114e+01,
1.969999999999999929e+01,
1.958999999999999986e+01,
1.953999999999999915e+01,
1.942000000000000171e+01,
1.948000000000000043e+01,
1.950000000000000000e+01,
1.932999999999999829e+01,
1.932000000000000028e+01,
1.930999999999999872e+01,
1.923999999999999844e+01,
1.937000000000000099e+01,
1.964999999999999858e+01,
1.967999999999999972e+01,
1.982000000000000028e+01,
1.987999999999999901e+01,
1.989999999999999858e+01,
1.998999999999999844e+01,
1.973000000000000043e+01,
1.971000000000000085e+01,
1.939999999999999858e+01,
1.889999999999999858e+01,
1.866000000000000014e+01,
1.862999999999999901e+01,
1.862000000000000099e+01,
1.875000000000000000e+01,
1.891000000000000014e+01,
1.901000000000000156e+01,
1.903000000000000114e+01,
1.917999999999999972e+01,
1.930000000000000071e+01,
1.926000000000000156e+01,
1.914999999999999858e+01,
1.896999999999999886e+01,
1.885999999999999943e+01,
1.871999999999999886e+01,
1.857000000000000028e+01,
1.846000000000000085e+01,
1.844999999999999929e+01,
1.846000000000000085e+01,
1.864000000000000057e+01,
1.867999999999999972e+01,
1.875000000000000000e+01,
1.878000000000000114e+01,
1.876000000000000156e+01,
1.871000000000000085e+01,
1.871999999999999886e+01,
1.867999999999999972e+01,
1.858999999999999986e+01,
1.864999999999999858e+01,
7.370000000000000107e+00,
7.240000000000000213e+00,
7.280000000000000249e+00,
7.450000000000000178e+00,
7.679999999999999716e+00,
7.830000000000000071e+00,
7.950000000000000178e+00,
8.160000000000000142e+00,
8.550000000000000711e+00,
9.150000000000000355e+00,
9.640000000000000568e+00,
9.970000000000000639e+00,
9.830000000000000071e+00,
9.580000000000000071e+00,
9.330000000000000071e+00,
9.050000000000000711e+00,
8.810000000000000497e+00,
8.810000000000000497e+00,
8.980000000000000426e+00,
9.099999999999999645e+00,
9.199999999999999289e+00,
9.250000000000000000e+00,
9.240000000000000213e+00,
9.240000000000000213e+00,
9.359999999999999432e+00,
9.529999999999999361e+00,
9.890000000000000568e+00,
1.031000000000000050e+01,
1.059999999999999964e+01,
1.078999999999999915e+01,
1.111999999999999922e+01,
1.155000000000000071e+01,
1.165000000000000036e+01,
1.153999999999999915e+01,
1.135999999999999943e+01,
1.107000000000000028e+01,
1.057000000000000028e+01,
1.014000000000000057e+01,
9.949999999999999289e+00,
1.024000000000000021e+01,
1.132000000000000028e+01,
1.224000000000000021e+01,
1.258000000000000007e+01,
1.257000000000000028e+01,
1.252999999999999936e+01,
1.255000000000000071e+01,
1.249000000000000021e+01,
1.247000000000000064e+01,
1.267999999999999972e+01,
1.291000000000000014e+01,
1.306000000000000050e+01,
1.313000000000000078e+01,
1.308999999999999986e+01,
1.282000000000000028e+01,
1.238000000000000078e+01,
1.210999999999999943e+01,
1.202999999999999936e+01,
1.233000000000000007e+01,
1.294999999999999929e+01,
1.325999999999999979e+01,
1.343999999999999950e+01,
1.344999999999999929e+01,
1.384999999999999964e+01,
1.436999999999999922e+01,
1.500999999999999979e+01,
1.560999999999999943e+01,
1.616000000000000014e+01,
1.635999999999999943e+01,
1.626999999999999957e+01,
1.589000000000000057e+01,
1.491000000000000014e+01,
1.436999999999999922e+01,
1.428999999999999915e+01,
1.455000000000000071e+01,
1.461999999999999922e+01,
1.483000000000000007e+01,
1.510999999999999943e+01,
1.540000000000000036e+01,
1.591000000000000014e+01,
1.641000000000000014e+01,
1.671000000000000085e+01,
1.664999999999999858e+01,
1.689000000000000057e+01,
1.730000000000000071e+01,
1.773999999999999844e+01,
1.803000000000000114e+01,
1.828999999999999915e+01,
1.848000000000000043e+01,
1.853000000000000114e+01,
1.855999999999999872e+01,
1.885999999999999943e+01,
1.921000000000000085e+01,
1.935999999999999943e+01,
1.957000000000000028e+01,
1.985999999999999943e+01,
2.021999999999999886e+01,
2.035000000000000142e+01,
2.019000000000000128e+01,
2.021999999999999886e+01,
2.037000000000000099e+01,
2.037999999999999901e+01,
2.021999999999999886e+01,
2.012999999999999901e+01,
2.014999999999999858e+01,
2.019000000000000128e+01,
2.030000000000000071e+01,
2.030999999999999872e+01,
2.033999999999999986e+01,
2.035999999999999943e+01,
2.028999999999999915e+01,
2.041000000000000014e+01,
2.033999999999999986e+01,
2.028999999999999915e+01,
2.035000000000000142e+01,
2.017999999999999972e+01,
2.017999999999999972e+01,
2.041000000000000014e+01,
2.042000000000000171e+01,
2.037999999999999901e+01,
2.035999999999999943e+01,
2.017000000000000171e+01,
2.019999999999999929e+01,
2.019000000000000128e+01,
2.012999999999999901e+01,
1.982000000000000028e+01,
1.973000000000000043e+01,
1.982000000000000028e+01,
1.971999999999999886e+01,
1.944000000000000128e+01,
1.941000000000000014e+01,
1.933999999999999986e+01,
1.910000000000000142e+01,
1.896999999999999886e+01,
1.894999999999999929e+01,
1.880999999999999872e+01,
1.878000000000000114e+01,
1.883999999999999986e+01,
1.901000000000000156e+01,
1.907999999999999829e+01,
1.917000000000000171e+01,
1.921999999999999886e+01,
1.912000000000000099e+01,
1.901999999999999957e+01,
1.891000000000000014e+01,
1.882999999999999829e+01,
1.858999999999999986e+01,
1.846999999999999886e+01,
1.839000000000000057e+01,
1.830999999999999872e+01,
1.853000000000000114e+01,
1.862999999999999901e+01,
1.860000000000000142e+01,
1.851999999999999957e+01,
1.851999999999999957e+01,
6.190000000000000391e+00,
6.129999999999999893e+00,
6.160000000000000142e+00,
6.129999999999999893e+00,
6.000000000000000000e+00,
5.969999999999999751e+00,
6.129999999999999893e+00,
6.280000000000000249e+00,
6.459999999999999964e+00,
6.669999999999999929e+00,
6.780000000000000249e+00,
6.900000000000000355e+00,
7.200000000000000178e+00,
7.589999999999999858e+00,
7.750000000000000000e+00,
7.690000000000000391e+00,
7.990000000000000213e+00,
8.509999999999999787e+00,
8.699999999999999289e+00,
8.529999999999999361e+00,
8.220000000000000639e+00,
8.029999999999999361e+00,
8.119999999999999218e+00,
8.050000000000000711e+00,
7.900000000000000355e+00,
7.730000000000000426e+00,
7.660000000000000142e+00,
7.980000000000000426e+00,
8.240000000000000213e+00,
8.240000000000000213e+00,
8.300000000000000711e+00,
8.810000000000000497e+00,
9.330000000000000071e+00,
9.419999999999999929e+00,
9.250000000000000000e+00,
9.060000000000000497e+00,
9.210000000000000853e+00,
9.550000000000000711e+00,
9.970000000000000639e+00,
1.021000000000000085e+01,
1.013000000000000078e+01,
9.890000000000000568e+00,
9.660000000000000142e+00,
9.539999999999999147e+00,
9.570000000000000284e+00,
9.779999999999999361e+00,
9.960000000000000853e+00,
1.014000000000000057e+01,
1.033000000000000007e+01,
1.075999999999999979e+01,
1.105000000000000071e+01,
1.071000000000000085e+01,
1.025999999999999979e+01,
9.919999999999999929e+00,
9.619999999999999218e+00,
9.210000000000000853e+00,
9.230000000000000426e+00,
9.699999999999999289e+00,
1.026999999999999957e+01,
1.061999999999999922e+01,
1.094999999999999929e+01,
1.102999999999999936e+01,
1.102999999999999936e+01,
1.092999999999999972e+01,
1.099000000000000021e+01,
1.133000000000000007e+01,
1.134999999999999964e+01,
1.097000000000000064e+01,
1.055000000000000071e+01,
1.042999999999999972e+01,
1.058999999999999986e+01,
1.080000000000000071e+01,
1.076999999999999957e+01,
1.111999999999999922e+01,
1.116000000000000014e+01,
1.091999999999999993e+01,
1.066999999999999993e+01,
1.090000000000000036e+01,
1.171000000000000085e+01,
1.231000000000000050e+01,
1.268999999999999950e+01,
1.297000000000000064e+01,
1.298000000000000043e+01,
1.286999999999999922e+01,
1.302999999999999936e+01,
1.316000000000000014e+01,
1.326999999999999957e+01,
1.333000000000000007e+01,
1.334999999999999964e+01,
1.349000000000000021e+01,
1.384999999999999964e+01,
1.433000000000000007e+01,
1.477999999999999936e+01,
1.521000000000000085e+01,
1.551999999999999957e+01,
1.561999999999999922e+01,
1.564000000000000057e+01,
1.581000000000000050e+01,
1.607000000000000028e+01,
1.623999999999999844e+01,
1.644000000000000128e+01,
1.667999999999999972e+01,
1.689999999999999858e+01,
1.721999999999999886e+01,
1.748000000000000043e+01,
1.764000000000000057e+01,
1.773999999999999844e+01,
1.780000000000000071e+01,
1.796000000000000085e+01,
1.814999999999999858e+01,
1.833999999999999986e+01,
1.844999999999999929e+01,
1.855999999999999872e+01,
1.853000000000000114e+01,
1.858999999999999986e+01,
1.869000000000000128e+01,
1.867999999999999972e+01,
1.857000000000000028e+01,
1.835000000000000142e+01,
1.848000000000000043e+01,
1.855999999999999872e+01,
1.862999999999999901e+01,
1.867999999999999972e+01,
1.882999999999999829e+01,
1.887999999999999901e+01,
1.883999999999999986e+01,
1.889999999999999858e+01,
1.894000000000000128e+01,
1.903000000000000114e+01,
1.907000000000000028e+01,
1.919000000000000128e+01,
1.939000000000000057e+01,
1.948999999999999844e+01,
1.960000000000000142e+01,
1.969000000000000128e+01,
1.964999999999999858e+01,
1.946999999999999886e+01,
1.914999999999999858e+01,
1.921999999999999886e+01,
1.926999999999999957e+01,
1.921000000000000085e+01,
1.919000000000000128e+01,
1.926000000000000156e+01,
1.932000000000000028e+01,
1.928000000000000114e+01,
1.932000000000000028e+01,
1.923999999999999844e+01,
1.875000000000000000e+01,
1.833999999999999986e+01,
1.823999999999999844e+01,
1.814000000000000057e+01,
1.801000000000000156e+01,
1.796000000000000085e+01,
1.771000000000000085e+01,
5.929999999999999716e+00,
6.009999999999999787e+00,
6.250000000000000000e+00,
6.070000000000000284e+00,
5.889999999999999680e+00,
5.900000000000000355e+00,
6.049999999999999822e+00,
6.219999999999999751e+00,
6.480000000000000426e+00,
7.000000000000000000e+00,
7.580000000000000071e+00,
8.009999999999999787e+00,
8.109999999999999432e+00,
7.940000000000000391e+00,
7.740000000000000213e+00,
7.599999999999999645e+00,
7.660000000000000142e+00,
7.700000000000000178e+00,
7.620000000000000107e+00,
7.679999999999999716e+00,
8.029999999999999361e+00,
8.519999999999999574e+00,
8.849999999999999645e+00,
8.949999999999999289e+00,
8.970000000000000639e+00,
9.009999999999999787e+00,
8.820000000000000284e+00,
8.449999999999999289e+00,
8.109999999999999432e+00,
8.179999999999999716e+00,
8.410000000000000142e+00,
8.580000000000000071e+00,
8.550000000000000711e+00,
8.669999999999999929e+00,
9.019999999999999574e+00,
9.390000000000000568e+00,
9.519999999999999574e+00,
9.550000000000000711e+00,
9.740000000000000213e+00,
9.689999999999999503e+00,
9.580000000000000071e+00,
9.419999999999999929e+00,
9.509999999999999787e+00,
9.949999999999999289e+00,
1.056000000000000050e+01,
1.075000000000000000e+01,
1.049000000000000021e+01,
1.058999999999999986e+01,
1.076999999999999957e+01,
1.122000000000000064e+01,
1.184999999999999964e+01,
1.200999999999999979e+01,
1.161999999999999922e+01,
1.102999999999999936e+01,
1.091999999999999993e+01,
1.121000000000000085e+01,
1.165000000000000036e+01,
1.193999999999999950e+01,
1.197000000000000064e+01,
1.194999999999999929e+01,
1.208999999999999986e+01,
1.233000000000000007e+01,
1.246000000000000085e+01,
1.259999999999999964e+01,
1.274000000000000021e+01,
1.275000000000000000e+01,
1.273000000000000043e+01,
1.280000000000000071e+01,
1.306000000000000050e+01,
1.326999999999999957e+01,
1.316999999999999993e+01,
1.297000000000000064e+01,
1.303999999999999915e+01,
1.338000000000000078e+01,
1.375000000000000000e+01,
1.417999999999999972e+01,
1.461999999999999922e+01,
1.484999999999999964e+01,
1.481000000000000050e+01,
1.491000000000000014e+01,
1.508000000000000007e+01,
1.533999999999999986e+01,
1.543999999999999950e+01,
1.544999999999999929e+01,
1.538000000000000078e+01,
1.515000000000000036e+01,
1.482000000000000028e+01,
1.486999999999999922e+01,
1.533000000000000007e+01,
1.592999999999999972e+01,
1.651000000000000156e+01,
1.700000000000000000e+01,
1.742000000000000171e+01,
1.783999999999999986e+01,
1.828999999999999915e+01,
1.871999999999999886e+01,
1.910000000000000142e+01,
1.921000000000000085e+01,
1.926999999999999957e+01,
1.933999999999999986e+01,
1.935999999999999943e+01,
1.930999999999999872e+01,
1.914000000000000057e+01,
1.914999999999999858e+01,
1.910000000000000142e+01,
1.896999999999999886e+01,
1.896999999999999886e+01,
1.898999999999999844e+01,
1.894999999999999929e+01,
1.910999999999999943e+01,
1.942000000000000171e+01,
1.951999999999999957e+01,
1.975000000000000000e+01,
1.992000000000000171e+01,
1.992999999999999972e+01,
2.005000000000000071e+01,
2.012000000000000099e+01,
2.016000000000000014e+01,
2.021999999999999886e+01,
2.023000000000000043e+01,
2.010999999999999943e+01,
2.005999999999999872e+01,
2.007999999999999829e+01,
2.010999999999999943e+01,
2.023999999999999844e+01,
2.014000000000000057e+01,
1.998999999999999844e+01,
1.987000000000000099e+01,
1.960000000000000142e+01,
1.944000000000000128e+01,
1.941000000000000014e+01,
1.932999999999999829e+01,
1.930999999999999872e+01,
1.907999999999999829e+01,
1.896000000000000085e+01,
1.905000000000000071e+01,
1.903999999999999915e+01,
1.903999999999999915e+01,
1.908999999999999986e+01,
1.905000000000000071e+01,
1.857999999999999829e+01,
1.850000000000000000e+01,
1.846999999999999886e+01,
1.830000000000000071e+01,
1.846999999999999886e+01,
1.862999999999999901e+01,
1.875000000000000000e+01,
1.889000000000000057e+01,
1.903000000000000114e+01,
1.889999999999999858e+01,
1.878999999999999915e+01,
1.910999999999999943e+01,
1.953000000000000114e+01,
1.973999999999999844e+01,
8.140000000000000568e+00,
7.330000000000000071e+00,
7.570000000000000284e+00,
7.969999999999999751e+00,
8.070000000000000284e+00,
8.009999999999999787e+00,
7.980000000000000426e+00,
8.000000000000000000e+00,
7.809999999999999609e+00,
7.660000000000000142e+00,
7.799999999999999822e+00,
8.050000000000000711e+00,
8.000000000000000000e+00,
8.080000000000000071e+00,
8.230000000000000426e+00,
8.400000000000000355e+00,
8.910000000000000142e+00,
9.330000000000000071e+00,
9.609999999999999432e+00,
1.000000000000000000e+01,
1.050999999999999979e+01,
1.108999999999999986e+01,
1.149000000000000021e+01,
1.175999999999999979e+01,
1.186999999999999922e+01,
1.173000000000000043e+01,
1.136999999999999922e+01,
1.089000000000000057e+01,
1.032000000000000028e+01,
9.910000000000000142e+00,
9.929999999999999716e+00,
1.018999999999999950e+01,
1.014000000000000057e+01,
9.900000000000000355e+00,
9.599999999999999645e+00,
9.220000000000000639e+00,
9.160000000000000142e+00,
9.300000000000000711e+00,
9.380000000000000782e+00,
9.349999999999999645e+00,
9.220000000000000639e+00,
9.349999999999999645e+00,
9.769999999999999574e+00,
1.025000000000000000e+01,
1.075000000000000000e+01,
1.133000000000000007e+01,
1.191999999999999993e+01,
1.227999999999999936e+01,
1.275999999999999979e+01,
1.319999999999999929e+01,
1.342999999999999972e+01,
1.308999999999999986e+01,
1.269999999999999929e+01,
1.208999999999999986e+01,
1.167999999999999972e+01,
1.116999999999999993e+01,
1.074000000000000021e+01,
1.073000000000000043e+01,
1.090000000000000036e+01,
1.126999999999999957e+01,
1.166999999999999993e+01,
1.190000000000000036e+01,
1.198000000000000043e+01,
1.210999999999999943e+01,
1.233000000000000007e+01,
1.258000000000000007e+01,
1.227999999999999936e+01,
1.164000000000000057e+01,
1.121000000000000085e+01,
1.123000000000000043e+01,
1.149000000000000021e+01,
1.185999999999999943e+01,
1.200999999999999979e+01,
1.216000000000000014e+01,
1.240000000000000036e+01,
1.241000000000000014e+01,
1.255000000000000071e+01,
1.307000000000000028e+01,
1.361999999999999922e+01,
1.375000000000000000e+01,
1.356000000000000050e+01,
1.316000000000000014e+01,
1.276999999999999957e+01,
1.308999999999999986e+01,
1.359999999999999964e+01,
1.371000000000000085e+01,
1.373000000000000043e+01,
1.416000000000000014e+01,
1.480000000000000071e+01,
1.530000000000000071e+01,
1.551999999999999957e+01,
1.574000000000000021e+01,
1.610999999999999943e+01,
1.655999999999999872e+01,
1.683999999999999986e+01,
1.691000000000000014e+01,
1.694999999999999929e+01,
1.703000000000000114e+01,
1.710999999999999943e+01,
1.716000000000000014e+01,
1.719000000000000128e+01,
1.732000000000000028e+01,
1.755000000000000071e+01,
1.782000000000000028e+01,
1.819999999999999929e+01,
1.846000000000000085e+01,
1.864999999999999858e+01,
1.864999999999999858e+01,
1.857000000000000028e+01,
1.848000000000000043e+01,
1.860999999999999943e+01,
1.873999999999999844e+01,
1.882000000000000028e+01,
1.887000000000000099e+01,
1.896000000000000085e+01,
1.903999999999999915e+01,
1.910000000000000142e+01,
1.910999999999999943e+01,
1.910999999999999943e+01,
1.896000000000000085e+01,
1.907999999999999829e+01,
1.917000000000000171e+01,
1.900000000000000000e+01,
1.905999999999999872e+01,
1.926999999999999957e+01,
1.939000000000000057e+01,
1.942999999999999972e+01,
1.962000000000000099e+01,
1.975000000000000000e+01,
1.973999999999999844e+01,
1.973999999999999844e+01,
1.971999999999999886e+01,
1.964000000000000057e+01,
1.960000000000000142e+01,
1.976999999999999957e+01,
1.983999999999999986e+01,
1.975000000000000000e+01,
1.953000000000000114e+01,
1.917999999999999972e+01,
1.919999999999999929e+01,
1.907000000000000028e+01,
1.905999999999999872e+01,
1.898999999999999844e+01,
1.894999999999999929e+01,
1.898000000000000043e+01,
1.907000000000000028e+01,
1.901000000000000156e+01,
1.876000000000000156e+01,
1.844000000000000128e+01,
1.814999999999999858e+01,
1.801999999999999957e+01,
1.787000000000000099e+01,
1.782999999999999829e+01,
1.789999999999999858e+01,
