8.380000000000000782e+00,
8.369999999999999218e+00,
8.699999999999999289e+00,
9.060000000000000497e+00,
6.980000000000000426e+00,
6.990000000000000213e+00,
6.530000000000000249e+00,
7.089999999999999858e+00,
7.410000000000000142e+00,
7.830000000000000071e+00,
8.199999999999999289e+00,
8.380000000000000782e+00,
8.369999999999999218e+00,
8.699999999999999289e+00,
9.060000000000000497e+00,
9.039999999999999147e+00,
8.710000000000000853e+00,
8.580000000000000071e+00,
8.710000000000000853e+00,
8.839999999999999858e+00,
8.669999999999999929e+00,
8.429999999999999716e+00,
8.429999999999999716e+00,
8.939999999999999503e+00,
9.380000000000000782e+00,
9.490000000000000213e+00,
9.449999999999999289e+00,
9.830000000000000071e+00,
1.059999999999999964e+01,
1.115000000000000036e+01,
1.149000000000000021e+01,
1.183999999999999986e+01,
1.196000000000000085e+01,
1.172000000000000064e+01,
1.127999999999999936e+01,
1.089000000000000057e+01,
1.083000000000000007e+01,
1.111999999999999922e+01,
1.144999999999999929e+01,
1.186999999999999922e+01,
1.198000000000000043e+01,
1.177999999999999936e+01,
1.150000000000000000e+01,
1.121000000000000085e+01,
1.109999999999999964e+01,
1.099000000000000021e+01,
1.091999999999999993e+01,
1.124000000000000021e+01,
1.169999999999999929e+01,
1.207000000000000028e+01,
1.215000000000000036e+01,
1.191999999999999993e+01,
1.133999999999999986e+01,
1.111999999999999922e+01,
1.125999999999999979e+01,
1.130000000000000071e+01,
1.117999999999999972e+01,
1.139000000000000057e+01,
1.183999999999999986e+01,
1.200000000000000000e+01,
1.194999999999999929e+01,
1.239000000000000057e+01,
1.294999999999999929e+01,
1.464000000000000057e+01,
1.507000000000000028e+01,
1.533999999999999986e+01,
1.508999999999999986e+01,
1.444999999999999929e+01,
1.400999999999999979e+01,
1.313000000000000078e+01,
1.359999999999999964e+01,
1.327999999999999936e+01,
1.366000000000000014e+01,
1.335999999999999943e+01,
1.380000000000000071e+01,
1.355000000000000071e+01,
1.400999999999999979e+01,
1.373000000000000043e+01,
1.435999999999999943e+01,
1.392999999999999972e+01,
1.408000000000000007e+01,
1.433000000000000007e+01,
1.453999999999999915e+01,
1.484999999999999964e+01,
1.519999999999999929e+01,
1.550000000000000000e+01,
1.581000000000000050e+01,
1.621000000000000085e+01,
1.657999999999999829e+01,
1.696999999999999886e+01,
1.735999999999999943e+01,
1.769000000000000128e+01,
1.794999999999999929e+01,
1.825000000000000000e+01,
1.848999999999999844e+01,
1.841000000000000014e+01,
1.860999999999999943e+01,
1.880999999999999872e+01,
1.892000000000000171e+01,
1.898000000000000043e+01,
1.905000000000000071e+01,
1.935999999999999943e+01,
1.957999999999999829e+01,
1.967999999999999972e+01,
1.976000000000000156e+01,
1.982999999999999829e+01,
1.982999999999999829e+01,
1.958999999999999986e+01,
1.930999999999999872e+01,
1.953000000000000114e+01,
1.957999999999999829e+01,
1.948999999999999844e+01,
1.941000000000000014e+01,
1.937999999999999901e+01,
1.923999999999999844e+01,
1.917999999999999972e+01,
1.930000000000000071e+01,
1.932999999999999829e+01,
1.932000000000000028e+01,
1.930999999999999872e+01,
1.928999999999999915e+01,
1.914000000000000057e+01,
1.891000000000000014e+01,
1.871999999999999886e+01,
1.864999999999999858e+01,
1.889999999999999858e+01,
1.905000000000000071e+01,
1.900000000000000000e+01,
1.896000000000000085e+01,
1.898000000000000043e+01,
1.889999999999999858e+01,
1.876999999999999957e+01,
1.885000000000000142e+01,
1.914000000000000057e+01,
1.928999999999999915e+01,
1.930999999999999872e+01,
1.928999999999999915e+01,
1.921999999999999886e+01,
1.919000000000000128e+01,
1.917000000000000171e+01,
1.905999999999999872e+01,
1.891000000000000014e+01,
1.883999999999999986e+01,
1.876999999999999957e+01,
1.869999999999999929e+01,
1.857999999999999829e+01,
1.855999999999999872e+01,
1.978000000000000114e+01,
1.987000000000000099e+01,
1.982999999999999829e+01,
1.978999999999999915e+01,
1.973999999999999844e+01,
1.958999999999999986e+01,
1.932000000000000028e+01,
1.908999999999999986e+01,
1.925000000000000000e+01,
1.921999999999999886e+01,
1.914000000000000057e+01,
6.889999999999999680e+00,
7.169999999999999929e+00,
7.349999999999999645e+00,
7.500000000000000000e+00,
7.509999999999999787e+00,
7.379999999999999893e+00,
7.669999999999999929e+00,
7.919999999999999929e+00,
7.870000000000000107e+00,
7.830000000000000071e+00,
7.969999999999999751e+00,
8.269999999999999574e+00,
8.470000000000000639e+00,
8.560000000000000497e+00,
8.609999999999999432e+00,
8.730000000000000426e+00,
8.849999999999999645e+00,
8.839999999999999858e+00,
8.630000000000000782e+00,
8.380000000000000782e+00,
8.509999999999999787e+00,
8.750000000000000000e+00,
9.169999999999999929e+00,
9.630000000000000782e+00,
9.810000000000000497e+00,
9.769999999999999574e+00,
9.689999999999999503e+00,
9.679999999999999716e+00,
9.869999999999999218e+00,
1.023000000000000043e+01,
1.066000000000000014e+01,
1.078999999999999915e+01,
1.089000000000000057e+01,
1.091000000000000014e+01,
1.076999999999999957e+01,
1.053999999999999915e+01,
1.059999999999999964e+01,
1.092999999999999972e+01,
1.141999999999999993e+01,
1.151999999999999957e+01,
1.147000000000000064e+01,
1.124000000000000021e+01,
1.108999999999999986e+01,
1.130000000000000071e+01,
1.180000000000000071e+01,
1.225000000000000000e+01,
1.267999999999999972e+01,
1.307000000000000028e+01,
1.309999999999999964e+01,
1.285999999999999943e+01,
1.250999999999999979e+01,
1.219999999999999929e+01,
1.202999999999999936e+01,
1.186999999999999922e+01,
1.178999999999999915e+01,
1.192999999999999972e+01,
1.208000000000000007e+01,
1.219999999999999929e+01,
1.232000000000000028e+01,
1.240000000000000036e+01,
1.243999999999999950e+01,
1.240000000000000036e+01,
1.243999999999999950e+01,
1.291000000000000014e+01,
1.351999999999999957e+01,
1.408000000000000007e+01,
1.433000000000000007e+01,
1.435999999999999943e+01,
1.424000000000000021e+01,
1.419999999999999929e+01,
1.453999999999999915e+01,
1.460999999999999943e+01,
1.402999999999999936e+01,
1.418999999999999950e+01,
1.407000000000000028e+01,
1.433000000000000007e+01,
1.457000000000000028e+01,
1.472000000000000064e+01,
1.476999999999999957e+01,
1.483999999999999986e+01,
1.498000000000000043e+01,
1.524000000000000021e+01,
1.558000000000000007e+01,
1.547000000000000064e+01,
1.588000000000000078e+01,
1.623000000000000043e+01,
1.785000000000000142e+01,
1.832000000000000028e+01,
1.678999999999999915e+01,
1.746999999999999886e+01,
1.864999999999999858e+01,
1.837999999999999901e+01,
1.976999999999999957e+01,
1.832000000000000028e+01,
1.976000000000000156e+01,
1.887000000000000099e+01,
2.033999999999999986e+01,
1.962999999999999901e+01,
1.998999999999999844e+01,
2.030000000000000071e+01,
2.016000000000000014e+01,
1.960000000000000142e+01,
1.930000000000000071e+01,
1.932000000000000028e+01,
1.941000000000000014e+01,
1.948999999999999844e+01,
1.942999999999999972e+01,
1.941000000000000014e+01,
1.932999999999999829e+01,
1.948999999999999844e+01,
1.955999999999999872e+01,
1.951000000000000156e+01,
1.939999999999999858e+01,
1.937000000000000099e+01,
1.928999999999999915e+01,
1.933999999999999986e+01,
1.962999999999999901e+01,
1.983999999999999986e+01,
1.976000000000000156e+01,
2.008999999999999986e+01,
2.007999999999999829e+01,
1.996999999999999886e+01,
1.980000000000000071e+01,
1.964000000000000057e+01,
1.930999999999999872e+01,
1.801999999999999957e+01,
1.789000000000000057e+01,
1.801000000000000156e+01,
1.826000000000000156e+01,
1.850000000000000000e+01,
1.867000000000000171e+01,
1.889999999999999858e+01,
1.907999999999999829e+01,
1.914000000000000057e+01,
1.930999999999999872e+01,
1.937000000000000099e+01,
1.923000000000000043e+01,
1.905999999999999872e+01,
1.860000000000000142e+01,
1.832000000000000028e+01,
1.832999999999999829e+01,
1.835999999999999943e+01,
1.814999999999999858e+01,
1.810999999999999943e+01,
1.837000000000000099e+01,
1.862999999999999901e+01,
1.871999999999999886e+01,
1.878999999999999915e+01,
1.882000000000000028e+01,
1.885999999999999943e+01,
1.883999999999999986e+01,
1.873999999999999844e+01,
1.860999999999999943e+01,
1.867000000000000171e+01,
7.370000000000000107e+00,
7.259999999999999787e+00,
7.280000000000000249e+00,
7.500000000000000000e+00,
7.750000000000000000e+00,
7.910000000000000142e+00,
8.039999999999999147e+00,
8.240000000000000213e+00,
8.730000000000000426e+00,
9.640000000000000568e+00,
1.023000000000000043e+01,
1.046000000000000085e+01,
1.005000000000000071e+01,
9.400000000000000355e+00,
8.949999999999999289e+00,
8.689999999999999503e+00,
8.589999999999999858e+00,
8.769999999999999574e+00,
9.000000000000000000e+00,
9.140000000000000568e+00,
9.240000000000000213e+00,
9.230000000000000426e+00,
9.189999999999999503e+00,
9.240000000000000213e+00,
9.380000000000000782e+00,
9.599999999999999645e+00,
1.008999999999999986e+01,
1.056000000000000050e+01,
9.630000000000000782e+00,
1.008999999999999986e+01,
1.158000000000000007e+01,
1.183999999999999986e+01,
1.159999999999999964e+01,
1.151999999999999957e+01,
1.132000000000000028e+01,
1.097000000000000064e+01,
1.036999999999999922e+01,
9.789999999999999147e+00,
9.470000000000000639e+00,
1.042999999999999972e+01,
1.141000000000000014e+01,
1.233000000000000007e+01,
1.263000000000000078e+01,
1.259999999999999964e+01,
1.266999999999999993e+01,
1.253999999999999915e+01,
1.251999999999999957e+01,
1.251999999999999957e+01,
1.278999999999999915e+01,
1.300999999999999979e+01,
1.316999999999999993e+01,
1.317999999999999972e+01,
1.300999999999999979e+01,
1.267999999999999972e+01,
1.231000000000000050e+01,
1.205000000000000071e+01,
1.199000000000000021e+01,
1.247000000000000064e+01,
1.324000000000000021e+01,
1.357000000000000028e+01,
1.368999999999999950e+01,
1.361999999999999922e+01,
1.393999999999999950e+01,
1.473000000000000043e+01,
1.563000000000000078e+01,
1.632000000000000028e+01,
1.671999999999999886e+01,
1.524000000000000021e+01,
1.517999999999999972e+01,
1.538000000000000078e+01,
1.475000000000000000e+01,
1.428999999999999915e+01,
1.425000000000000000e+01,
1.451999999999999957e+01,
1.458999999999999986e+01,
1.482000000000000028e+01,
1.509999999999999964e+01,
1.540000000000000036e+01,
1.591000000000000014e+01,
1.508000000000000007e+01,
1.557000000000000028e+01,
1.582000000000000028e+01,
1.601000000000000156e+01,
1.850000000000000000e+01,
1.894999999999999929e+01,
1.692000000000000171e+01,
1.771000000000000085e+01,
1.905999999999999872e+01,
1.769999999999999929e+01,
1.916000000000000014e+01,
1.801000000000000156e+01,
1.962999999999999901e+01,
1.846999999999999886e+01,
2.007999999999999829e+01,
1.885999999999999943e+01,
1.914999999999999858e+01,
1.941000000000000014e+01,
1.951999999999999957e+01,
1.942999999999999972e+01,
1.953000000000000114e+01,
1.958999999999999986e+01,
1.948999999999999844e+01,
1.930999999999999872e+01,
1.917000000000000171e+01,
1.932000000000000028e+01,
1.944999999999999929e+01,
1.960999999999999943e+01,
1.960999999999999943e+01,
1.973000000000000043e+01,
1.978999999999999915e+01,
1.985999999999999943e+01,
1.985000000000000142e+01,
1.967999999999999972e+01,
1.953999999999999915e+01,
1.953000000000000114e+01,
1.951000000000000156e+01,
1.955999999999999872e+01,
1.964000000000000057e+01,
1.976000000000000156e+01,
1.985999999999999943e+01,
1.966000000000000014e+01,
1.975000000000000000e+01,
1.957999999999999829e+01,
1.955999999999999872e+01,
1.930000000000000071e+01,
1.912999999999999901e+01,
1.919999999999999929e+01,
1.917999999999999972e+01,
1.900000000000000000e+01,
1.889000000000000057e+01,
1.871999999999999886e+01,
1.846999999999999886e+01,
1.826000000000000156e+01,
1.844000000000000128e+01,
1.839999999999999858e+01,
1.832999999999999829e+01,
1.828999999999999915e+01,
1.858999999999999986e+01,
1.887000000000000099e+01,
1.921000000000000085e+01,
1.937999999999999901e+01,
1.932000000000000028e+01,
1.912000000000000099e+01,
1.880999999999999872e+01,
1.844999999999999929e+01,
1.794999999999999929e+01,
1.771999999999999886e+01,
1.792999999999999972e+01,
1.823000000000000043e+01,
1.846000000000000085e+01,
1.851000000000000156e+01,
1.842000000000000171e+01,
1.828000000000000114e+01,
1.823000000000000043e+01,
6.190000000000000391e+00,
6.330000000000000071e+00,
6.120000000000000107e+00,
6.280000000000000249e+00,
6.040000000000000036e+00,
6.000000000000000000e+00,
6.080000000000000071e+00,
6.240000000000000213e+00,
6.690000000000000391e+00,
6.889999999999999680e+00,
6.959999999999999964e+00,
7.089999999999999858e+00,
7.490000000000000213e+00,
7.990000000000000213e+00,
8.140000000000000568e+00,
8.019999999999999574e+00,
8.359999999999999432e+00,
8.960000000000000853e+00,
8.929999999999999716e+00,
8.439999999999999503e+00,
7.910000000000000142e+00,
7.849999999999999645e+00,
8.050000000000000711e+00,
7.959999999999999964e+00,
7.769999999999999574e+00,
7.549999999999999822e+00,
7.580000000000000071e+00,
8.150000000000000355e+00,
8.449999999999999289e+00,
8.410000000000000142e+00,
8.560000000000000497e+00,
9.169999999999999929e+00,
9.619999999999999218e+00,
9.560000000000000497e+00,
9.210000000000000853e+00,
9.050000000000000711e+00,
9.410000000000000142e+00,
9.820000000000000284e+00,
1.021000000000000085e+01,
1.025000000000000000e+01,
1.000999999999999979e+01,
9.699999999999999289e+00,
9.470000000000000639e+00,
9.400000000000000355e+00,
9.529999999999999361e+00,
9.789999999999999147e+00,
1.010999999999999943e+01,
1.027999999999999936e+01,
1.043999999999999950e+01,
1.086999999999999922e+01,
1.102999999999999936e+01,
1.058999999999999986e+01,
1.013000000000000078e+01,
9.800000000000000711e+00,
9.439999999999999503e+00,
9.140000000000000568e+00,
9.189999999999999503e+00,
9.669999999999999929e+00,
1.028999999999999915e+01,
1.060999999999999943e+01,
1.094999999999999929e+01,
1.103999999999999915e+01,
1.103999999999999915e+01,
1.093999999999999950e+01,
1.099000000000000021e+01,
1.133000000000000007e+01,
1.134999999999999964e+01,
1.098000000000000043e+01,
1.055000000000000071e+01,
1.041999999999999993e+01,
1.058000000000000007e+01,
1.080000000000000071e+01,
1.076999999999999957e+01,
1.110999999999999943e+01,
1.119999999999999929e+01,
1.089000000000000057e+01,
1.065000000000000036e+01,
1.090000000000000036e+01,
1.172000000000000064e+01,
1.266999999999999993e+01,
1.290000000000000036e+01,
1.316999999999999993e+01,
1.307000000000000028e+01,
1.290000000000000036e+01,
1.311999999999999922e+01,
1.321000000000000085e+01,
1.330000000000000071e+01,
1.336999999999999922e+01,
1.336999999999999922e+01,
1.359999999999999964e+01,
1.411999999999999922e+01,
1.467999999999999972e+01,
1.516000000000000014e+01,
1.552999999999999936e+01,
1.582000000000000028e+01,
1.578999999999999915e+01,
1.568999999999999950e+01,
1.603999999999999915e+01,
1.637000000000000099e+01,
1.525000000000000000e+01,
1.571000000000000085e+01,
1.612000000000000099e+01,
1.648000000000000043e+01,
1.691000000000000014e+01,
1.723000000000000043e+01,
1.746000000000000085e+01,
1.760999999999999943e+01,
1.771999999999999886e+01,
1.791000000000000014e+01,
1.810000000000000142e+01,
1.830000000000000071e+01,
1.842999999999999972e+01,
1.853999999999999915e+01,
1.851000000000000156e+01,
1.857999999999999829e+01,
1.867000000000000171e+01,
1.867000000000000171e+01,
1.853999999999999915e+01,
1.832999999999999829e+01,
1.846000000000000085e+01,
1.855000000000000071e+01,
1.864000000000000057e+01,
1.867999999999999972e+01,
1.882000000000000028e+01,
1.887000000000000099e+01,
1.882999999999999829e+01,
1.889000000000000057e+01,
1.892999999999999972e+01,
1.901000000000000156e+01,
1.907000000000000028e+01,
1.917999999999999972e+01,
1.937999999999999901e+01,
1.948999999999999844e+01,
1.958999999999999986e+01,
1.969000000000000128e+01,
1.964999999999999858e+01,
1.944999999999999929e+01,
1.912000000000000099e+01,
1.919000000000000128e+01,
1.923999999999999844e+01,
1.919999999999999929e+01,
1.917999999999999972e+01,
1.926000000000000156e+01,
1.930999999999999872e+01,
1.926999999999999957e+01,
1.932000000000000028e+01,
1.923999999999999844e+01,
1.873000000000000043e+01,
1.830000000000000071e+01,
1.821000000000000085e+01,
1.810999999999999943e+01,
1.798000000000000043e+01,
1.792999999999999972e+01,
1.767999999999999972e+01,
5.929999999999999716e+00,
6.049999999999999822e+00,
6.240000000000000213e+00,
6.059999999999999609e+00,
5.870000000000000107e+00,
5.900000000000000355e+00,
6.059999999999999609e+00,
6.259999999999999787e+00,
6.580000000000000071e+00,
7.000000000000000000e+00,
7.730000000000000426e+00,
8.150000000000000355e+00,
8.179999999999999716e+00,
7.919999999999999929e+00,
7.660000000000000142e+00,
7.540000000000000036e+00,
7.599999999999999645e+00,
7.650000000000000355e+00,
7.549999999999999822e+00,
7.690000000000000391e+00,
8.140000000000000568e+00,
8.710000000000000853e+00,
8.939999999999999503e+00,
8.910000000000000142e+00,
8.960000000000000853e+00,
8.980000000000000426e+00,
8.769999999999999574e+00,
8.359999999999999432e+00,
8.070000000000000284e+00,
8.169999999999999929e+00,
8.400000000000000355e+00,
8.580000000000000071e+00,
8.519999999999999574e+00,
8.689999999999999503e+00,
9.150000000000000355e+00,
9.539999999999999147e+00,
9.560000000000000497e+00,
9.560000000000000497e+00,
9.750000000000000000e+00,
9.650000000000000355e+00,
9.480000000000000426e+00,
9.410000000000000142e+00,
9.460000000000000853e+00,
9.779999999999999361e+00,
1.033999999999999986e+01,
1.081000000000000050e+01,
1.053999999999999915e+01,
1.041999999999999993e+01,
1.080000000000000071e+01,
1.125000000000000000e+01,
1.186999999999999922e+01,
1.208999999999999986e+01,
1.159999999999999964e+01,
1.106000000000000050e+01,
1.091000000000000014e+01,
1.119999999999999929e+01,
1.169999999999999929e+01,
1.196000000000000085e+01,
1.192999999999999972e+01,
1.193999999999999950e+01,
1.213000000000000078e+01,
1.233000000000000007e+01,
1.243999999999999950e+01,
1.258999999999999986e+01,
1.275000000000000000e+01,
1.275999999999999979e+01,
1.272000000000000064e+01,
1.278999999999999915e+01,
1.307000000000000028e+01,
1.325999999999999979e+01,
1.313000000000000078e+01,
1.296000000000000085e+01,
1.306000000000000050e+01,
1.349000000000000021e+01,
1.391999999999999993e+01,
1.446000000000000085e+01,
1.491999999999999993e+01,
1.498000000000000043e+01,
1.484999999999999964e+01,
1.499000000000000021e+01,
1.516999999999999993e+01,
1.503999999999999915e+01,
1.522000000000000064e+01,
1.527999999999999936e+01,
1.523000000000000043e+01,
1.508000000000000007e+01,
1.475999999999999979e+01,
1.484999999999999964e+01,
1.532000000000000028e+01,
1.591999999999999993e+01,
1.651000000000000156e+01,
1.632000000000000028e+01,
1.694000000000000128e+01,
1.812999999999999901e+01,
1.846000000000000085e+01,
1.882999999999999829e+01,
1.919999999999999929e+01,
1.930000000000000071e+01,
1.932999999999999829e+01,
1.939000000000000057e+01,
1.937999999999999901e+01,
1.933999999999999986e+01,
1.914999999999999858e+01,
1.916000000000000014e+01,
1.910999999999999943e+01,
1.896999999999999886e+01,
1.898000000000000043e+01,
1.901000000000000156e+01,
1.896000000000000085e+01,
1.912000000000000099e+01,
1.942999999999999972e+01,
1.951999999999999957e+01,
1.975000000000000000e+01,
1.992999999999999972e+01,
1.992000000000000171e+01,
2.003999999999999915e+01,
2.012000000000000099e+01,
2.016000000000000014e+01,
2.021999999999999886e+01,
2.023000000000000043e+01,
2.012000000000000099e+01,
2.007000000000000028e+01,
2.008999999999999986e+01,
2.012000000000000099e+01,
2.023999999999999844e+01,
2.014000000000000057e+01,
1.998000000000000043e+01,
1.987999999999999901e+01,
1.960999999999999943e+01,
1.944999999999999929e+01,
1.942000000000000171e+01,
1.933999999999999986e+01,
1.932000000000000028e+01,
1.908999999999999986e+01,
1.896000000000000085e+01,
1.905000000000000071e+01,
1.905000000000000071e+01,
1.903999999999999915e+01,
1.910000000000000142e+01,
1.905999999999999872e+01,
1.857999999999999829e+01,
1.851000000000000156e+01,
1.848000000000000043e+01,
1.828999999999999915e+01,
1.912000000000000099e+01,
1.926000000000000156e+01,
1.723999999999999844e+01,
1.953000000000000114e+01,
1.896000000000000085e+01,
1.887000000000000099e+01,
1.880999999999999872e+01,
1.908999999999999986e+01,
1.951999999999999957e+01,
1.973000000000000043e+01,
8.140000000000000568e+00,
8.210000000000000853e+00,
8.320000000000000284e+00,
8.619999999999999218e+00,
8.669999999999999929e+00,
8.539999999999999147e+00,
8.390000000000000568e+00,
8.240000000000000213e+00,
7.799999999999999822e+00,
7.750000000000000000e+00,
7.870000000000000107e+00,
8.060000000000000497e+00,
8.009999999999999787e+00,
8.230000000000000426e+00,
8.419999999999999929e+00,
8.740000000000000213e+00,
9.429999999999999716e+00,
1.001999999999999957e+01,
1.044999999999999929e+01,
1.075000000000000000e+01,
1.116000000000000014e+01,
1.186999999999999922e+01,
1.227999999999999936e+01,
1.221000000000000085e+01,
1.186999999999999922e+01,
1.138000000000000078e+01,
1.085999999999999943e+01,
1.017999999999999972e+01,
9.730000000000000426e+00,
9.500000000000000000e+00,
9.759999999999999787e+00,
1.013000000000000078e+01,
9.949999999999999289e+00,
9.580000000000000071e+00,
9.179999999999999716e+00,
8.929999999999999716e+00,
9.109999999999999432e+00,
9.390000000000000568e+00,
9.449999999999999289e+00,
9.390000000000000568e+00,
9.210000000000000853e+00,
9.519999999999999574e+00,
1.017999999999999972e+01,
1.089000000000000057e+01,
1.150999999999999979e+01,
1.219999999999999929e+01,
1.281000000000000050e+01,
1.309999999999999964e+01,
1.350000000000000000e+01,
1.366999999999999993e+01,
1.338000000000000078e+01,
1.202999999999999936e+01,
1.181000000000000050e+01,
1.164000000000000057e+01,
1.136999999999999922e+01,
1.071000000000000085e+01,
1.041000000000000014e+01,
1.044999999999999929e+01,
1.076999999999999957e+01,
1.116000000000000014e+01,
1.213000000000000078e+01,
1.222000000000000064e+01,
1.185999999999999943e+01,
1.205000000000000071e+01,
1.250999999999999979e+01,
1.260999999999999943e+01,
1.221000000000000085e+01,
1.158000000000000007e+01,
1.117999999999999972e+01,
1.122000000000000064e+01,
1.152999999999999936e+01,
1.186999999999999922e+01,
1.201999999999999957e+01,
1.218999999999999950e+01,
1.243999999999999950e+01,
1.243999999999999950e+01,
1.264000000000000057e+01,
1.321000000000000085e+01,
1.382000000000000028e+01,
1.388000000000000078e+01,
1.352999999999999936e+01,
1.294999999999999929e+01,
1.258000000000000007e+01,
1.324000000000000021e+01,
1.388000000000000078e+01,
1.383999999999999986e+01,
1.381000000000000050e+01,
1.450000000000000000e+01,
1.535999999999999943e+01,
1.586999999999999922e+01,
1.590000000000000036e+01,
1.608999999999999986e+01,
1.653999999999999915e+01,
1.564000000000000057e+01,
1.607999999999999829e+01,
1.619000000000000128e+01,
1.646999999999999886e+01,
1.671999999999999886e+01,
1.692000000000000171e+01,
1.705000000000000071e+01,
1.714000000000000057e+01,
1.728999999999999915e+01,
1.751999999999999957e+01,
1.591999999999999993e+01,
1.683999999999999986e+01,
1.887000000000000099e+01,
1.900000000000000000e+01,
1.894999999999999929e+01,
1.878000000000000114e+01,
1.862000000000000099e+01,
1.867000000000000171e+01,
1.878999999999999915e+01,
1.885999999999999943e+01,
1.891000000000000014e+01,
1.898999999999999844e+01,
1.907000000000000028e+01,
1.912000000000000099e+01,
1.912000000000000099e+01,
1.912000000000000099e+01,
1.896999999999999886e+01,
1.908999999999999986e+01,
1.917000000000000171e+01,
1.901000000000000156e+01,
1.907000000000000028e+01,
1.928000000000000114e+01,
1.939999999999999858e+01,
1.944000000000000128e+01,
1.962000000000000099e+01,
1.975000000000000000e+01,
1.975000000000000000e+01,
1.973999999999999844e+01,
1.971999999999999886e+01,
1.964000000000000057e+01,
1.960000000000000142e+01,
1.976999999999999957e+01,
1.983999999999999986e+01,
1.975000000000000000e+01,
1.953000000000000114e+01,
1.917999999999999972e+01,
1.921000000000000085e+01,
1.907000000000000028e+01,
1.907000000000000028e+01,
1.901000000000000156e+01,
1.896000000000000085e+01,
1.898000000000000043e+01,
1.907999999999999829e+01,
1.901999999999999957e+01,
1.876000000000000156e+01,
1.844999999999999929e+01,
1.817999999999999972e+01,
1.803999999999999915e+01,
1.789000000000000057e+01,
1.864999999999999858e+01,
1.858999999999999986e+01,
