6.980000000000000426e+00,
6.549999999999999822e+00,
6.629999999999999893e+00,
6.730000000000000426e+00,
6.990000000000000213e+00,
7.339999999999999858e+00,
7.690000000000000391e+00,
7.870000000000000107e+00,
7.919999999999999929e+00,
8.169999999999999929e+00,
8.490000000000000213e+00,
8.630000000000000782e+00,
8.509999999999999787e+00,
8.470000000000000639e+00,
8.560000000000000497e+00,
8.710000000000000853e+00,
8.699999999999999289e+00,
8.550000000000000711e+00,
8.439999999999999503e+00,
8.710000000000000853e+00,
9.009999999999999787e+00,
9.759999999999999787e+00,
9.119999999999999218e+00,
9.320000000000000284e+00,
1.068999999999999950e+01,
9.060000000000000497e+00,
1.081000000000000050e+01,
1.216999999999999993e+01,
1.231000000000000050e+01,
1.110999999999999943e+01,
1.101999999999999957e+01,
1.051999999999999957e+01,
1.051999999999999957e+01,
1.121000000000000085e+01,
1.066999999999999993e+01,
1.115000000000000036e+01,
1.164000000000000057e+01,
1.183000000000000007e+01,
1.201999999999999957e+01,
1.147000000000000064e+01,
1.125999999999999979e+01,
1.144999999999999929e+01,
1.105000000000000071e+01,
1.114000000000000057e+01,
1.153999999999999915e+01,
1.192999999999999972e+01,
1.221000000000000085e+01,
1.214000000000000057e+01,
1.174000000000000021e+01,
1.133999999999999986e+01,
1.131000000000000050e+01,
1.134999999999999964e+01,
1.150999999999999979e+01,
1.169999999999999929e+01,
1.182000000000000028e+01,
1.197000000000000064e+01,
1.225000000000000000e+01,
1.263000000000000078e+01,
1.326999999999999957e+01,
1.378999999999999915e+01,
1.421000000000000085e+01,
1.463000000000000078e+01,
1.475999999999999979e+01,
1.458999999999999986e+01,
1.415000000000000036e+01,
1.374000000000000021e+01,
1.344999999999999929e+01,
1.347000000000000064e+01,
1.352999999999999936e+01,
1.346000000000000085e+01,
1.342999999999999972e+01,
1.347000000000000064e+01,
1.352999999999999936e+01,
1.366999999999999993e+01,
1.385999999999999943e+01,
1.400999999999999979e+01,
1.406000000000000050e+01,
1.422000000000000064e+01,
1.441999999999999993e+01,
1.468999999999999950e+01,
1.505000000000000071e+01,
1.532000000000000028e+01,
1.553999999999999915e+01,
1.598000000000000043e+01,
1.639999999999999858e+01,
1.682000000000000028e+01,
1.732000000000000028e+01,
1.776000000000000156e+01,
1.775000000000000000e+01,
1.821000000000000085e+01,
1.860000000000000142e+01,
1.850000000000000000e+01,
1.821000000000000085e+01,
1.841000000000000014e+01,
1.857000000000000028e+01,
1.873999999999999844e+01,
1.864000000000000057e+01,
1.885999999999999943e+01,
1.910999999999999943e+01,
1.935999999999999943e+01,
1.946999999999999886e+01,
1.953000000000000114e+01,
1.948000000000000043e+01,
1.928999999999999915e+01,
1.876999999999999957e+01,
1.882999999999999829e+01,
1.894000000000000128e+01,
1.903999999999999915e+01,
1.892000000000000171e+01,
1.869000000000000128e+01,
1.851999999999999957e+01,
1.860000000000000142e+01,
1.873000000000000043e+01,
1.878999999999999915e+01,
1.880999999999999872e+01,
1.880999999999999872e+01,
1.873999999999999844e+01,
1.858999999999999986e+01,
1.807999999999999829e+01,
1.782999999999999829e+01,
1.817000000000000171e+01,
1.848000000000000043e+01,
1.867999999999999972e+01,
1.873000000000000043e+01,
1.864999999999999858e+01,
1.855999999999999872e+01,
1.837000000000000099e+01,
1.821000000000000085e+01,
1.800000000000000000e+01,
1.837999999999999901e+01,
1.908999999999999986e+01,
1.889999999999999858e+01,
1.930999999999999872e+01,
1.887999999999999901e+01,
1.871999999999999886e+01,
1.889000000000000057e+01,
1.846000000000000085e+01,
1.846000000000000085e+01,
1.787999999999999901e+01,
1.823999999999999844e+01,
1.814000000000000057e+01,
1.787000000000000099e+01,
1.794999999999999929e+01,
1.857000000000000028e+01,
1.864000000000000057e+01,
1.867999999999999972e+01,
1.882000000000000028e+01,
1.887999999999999901e+01,
1.882999999999999829e+01,
1.867999999999999972e+01,
1.839999999999999858e+01,
1.796999999999999886e+01,
1.821999999999999886e+01,
1.862999999999999901e+01,
6.889999999999999680e+00,
6.910000000000000142e+00,
7.120000000000000107e+00,
7.320000000000000284e+00,
7.379999999999999893e+00,
7.339999999999999858e+00,
7.620000000000000107e+00,
7.900000000000000355e+00,
7.910000000000000142e+00,
7.879999999999999893e+00,
7.969999999999999751e+00,
8.269999999999999574e+00,
8.480000000000000426e+00,
8.580000000000000071e+00,
8.660000000000000142e+00,
8.759999999999999787e+00,
8.890000000000000568e+00,
8.900000000000000355e+00,
8.720000000000000639e+00,
8.439999999999999503e+00,
8.509999999999999787e+00,
8.779999999999999361e+00,
9.179999999999999716e+00,
9.529999999999999361e+00,
9.720000000000000639e+00,
9.830000000000000071e+00,
9.740000000000000213e+00,
9.660000000000000142e+00,
9.839999999999999858e+00,
1.018999999999999950e+01,
1.056000000000000050e+01,
1.091999999999999993e+01,
1.093999999999999950e+01,
1.085999999999999943e+01,
1.075000000000000000e+01,
1.058999999999999986e+01,
1.058999999999999986e+01,
1.090000000000000036e+01,
1.141999999999999993e+01,
1.163000000000000078e+01,
1.156000000000000050e+01,
1.131000000000000050e+01,
1.108999999999999986e+01,
1.130000000000000071e+01,
1.161999999999999922e+01,
1.201999999999999957e+01,
1.250000000000000000e+01,
1.292999999999999972e+01,
1.308000000000000007e+01,
1.293999999999999950e+01,
1.265000000000000036e+01,
1.232000000000000028e+01,
1.211999999999999922e+01,
1.198000000000000043e+01,
1.182000000000000028e+01,
1.192999999999999972e+01,
1.208000000000000007e+01,
1.221000000000000085e+01,
1.233999999999999986e+01,
1.242999999999999972e+01,
1.246000000000000085e+01,
1.241999999999999993e+01,
1.241000000000000014e+01,
1.271000000000000085e+01,
1.325999999999999979e+01,
1.375000000000000000e+01,
1.405000000000000071e+01,
1.422000000000000064e+01,
1.422000000000000064e+01,
1.423000000000000043e+01,
1.448000000000000043e+01,
1.458999999999999986e+01,
1.451999999999999957e+01,
1.425000000000000000e+01,
1.433000000000000007e+01,
1.449000000000000021e+01,
1.472000000000000064e+01,
1.483999999999999986e+01,
1.483999999999999986e+01,
1.485999999999999943e+01,
1.498000000000000043e+01,
1.522000000000000064e+01,
1.553999999999999915e+01,
1.577999999999999936e+01,
1.605000000000000071e+01,
1.633999999999999986e+01,
1.662999999999999901e+01,
1.751999999999999957e+01,
1.739000000000000057e+01,
1.796000000000000085e+01,
1.819000000000000128e+01,
1.901000000000000156e+01,
1.923000000000000043e+01,
1.926000000000000156e+01,
1.889000000000000057e+01,
1.912000000000000099e+01,
1.982999999999999829e+01,
1.996000000000000085e+01,
2.028000000000000114e+01,
2.046000000000000085e+01,
2.026000000000000156e+01,
1.960999999999999943e+01,
1.932000000000000028e+01,
1.935000000000000142e+01,
1.944000000000000128e+01,
1.950000000000000000e+01,
1.944000000000000128e+01,
1.941000000000000014e+01,
1.933999999999999986e+01,
1.950000000000000000e+01,
1.955999999999999872e+01,
1.948000000000000043e+01,
1.937999999999999901e+01,
1.942999999999999972e+01,
1.930000000000000071e+01,
1.932999999999999829e+01,
1.964999999999999858e+01,
1.962000000000000099e+01,
2.003999999999999915e+01,
1.987000000000000099e+01,
2.007999999999999829e+01,
1.998000000000000043e+01,
1.980999999999999872e+01,
1.962999999999999901e+01,
1.930999999999999872e+01,
1.801999999999999957e+01,
1.796999999999999886e+01,
1.792000000000000171e+01,
1.814999999999999858e+01,
1.835999999999999943e+01,
1.853999999999999915e+01,
1.900000000000000000e+01,
1.901999999999999957e+01,
1.923000000000000043e+01,
1.887999999999999901e+01,
1.919000000000000128e+01,
1.930999999999999872e+01,
1.905000000000000071e+01,
1.878000000000000114e+01,
1.889000000000000057e+01,
1.821000000000000085e+01,
1.832000000000000028e+01,
1.823000000000000043e+01,
1.808999999999999986e+01,
1.873000000000000043e+01,
1.876000000000000156e+01,
1.857999999999999829e+01,
1.894999999999999929e+01,
1.853000000000000114e+01,
1.876000000000000156e+01,
1.876999999999999957e+01,
1.869000000000000128e+01,
1.853000000000000114e+01,
1.860999999999999943e+01,
7.370000000000000107e+00,
7.240000000000000213e+00,
7.280000000000000249e+00,
7.450000000000000178e+00,
7.679999999999999716e+00,
7.830000000000000071e+00,
7.950000000000000178e+00,
8.160000000000000142e+00,
8.550000000000000711e+00,
9.150000000000000355e+00,
9.640000000000000568e+00,
9.970000000000000639e+00,
9.830000000000000071e+00,
9.970000000000000639e+00,
9.320000000000000284e+00,
8.820000000000000284e+00,
8.669999999999999929e+00,
8.750000000000000000e+00,
8.960000000000000853e+00,
9.080000000000000071e+00,
9.199999999999999289e+00,
9.240000000000000213e+00,
9.230000000000000426e+00,
9.230000000000000426e+00,
9.359999999999999432e+00,
9.519999999999999574e+00,
9.880000000000000782e+00,
1.058999999999999986e+01,
1.053999999999999915e+01,
1.103999999999999915e+01,
1.134999999999999964e+01,
1.175999999999999979e+01,
1.172000000000000064e+01,
1.138000000000000078e+01,
1.119999999999999929e+01,
1.085999999999999943e+01,
1.039000000000000057e+01,
9.810000000000000497e+00,
9.490000000000000213e+00,
9.669999999999999929e+00,
1.216999999999999993e+01,
1.183999999999999986e+01,
1.286999999999999922e+01,
1.267999999999999972e+01,
1.259999999999999964e+01,
1.249000000000000021e+01,
1.231000000000000050e+01,
1.225000000000000000e+01,
1.253999999999999915e+01,
1.298000000000000043e+01,
1.328999999999999915e+01,
1.317999999999999972e+01,
1.307000000000000028e+01,
1.271000000000000085e+01,
1.211999999999999922e+01,
1.169999999999999929e+01,
1.227999999999999936e+01,
1.186999999999999922e+01,
1.252999999999999936e+01,
1.305000000000000071e+01,
1.325000000000000000e+01,
1.311999999999999922e+01,
1.327999999999999936e+01,
1.382000000000000028e+01,
1.448000000000000043e+01,
1.523000000000000043e+01,
1.605999999999999872e+01,
1.669000000000000128e+01,
1.678000000000000114e+01,
1.578999999999999915e+01,
1.433000000000000007e+01,
1.360999999999999943e+01,
1.372000000000000064e+01,
1.434999999999999964e+01,
1.455000000000000071e+01,
1.473000000000000043e+01,
1.509999999999999964e+01,
1.535999999999999943e+01,
1.582000000000000028e+01,
1.625000000000000000e+01,
1.646999999999999886e+01,
1.637999999999999901e+01,
1.639999999999999858e+01,
1.680000000000000071e+01,
1.746999999999999886e+01,
1.775000000000000000e+01,
1.819000000000000128e+01,
1.832999999999999829e+01,
1.837999999999999901e+01,
1.828999999999999915e+01,
1.855999999999999872e+01,
1.883999999999999986e+01,
1.901999999999999957e+01,
1.932999999999999829e+01,
1.914000000000000057e+01,
1.966000000000000014e+01,
1.964000000000000057e+01,
1.967999999999999972e+01,
1.957000000000000028e+01,
1.955999999999999872e+01,
1.969999999999999929e+01,
1.951999999999999957e+01,
1.925000000000000000e+01,
1.923000000000000043e+01,
1.937999999999999901e+01,
1.951999999999999957e+01,
1.967000000000000171e+01,
1.964000000000000057e+01,
1.973999999999999844e+01,
1.980000000000000071e+01,
1.989000000000000057e+01,
1.985000000000000142e+01,
1.969000000000000128e+01,
1.955999999999999872e+01,
1.955000000000000071e+01,
1.951999999999999957e+01,
1.957000000000000028e+01,
1.964999999999999858e+01,
1.978000000000000114e+01,
1.987999999999999901e+01,
1.967999999999999972e+01,
1.976000000000000156e+01,
1.957999999999999829e+01,
1.957000000000000028e+01,
1.930000000000000071e+01,
1.914000000000000057e+01,
2.310999999999999943e+01,
2.244000000000000128e+01,
1.866000000000000014e+01,
1.853999999999999915e+01,
1.846999999999999886e+01,
1.832999999999999829e+01,
1.803999999999999915e+01,
1.814999999999999858e+01,
1.819999999999999929e+01,
1.817000000000000171e+01,
1.812999999999999901e+01,
1.833999999999999986e+01,
1.857999999999999829e+01,
1.891000000000000014e+01,
1.910999999999999943e+01,
1.914999999999999858e+01,
1.901000000000000156e+01,
1.876000000000000156e+01,
1.842999999999999972e+01,
1.792000000000000171e+01,
1.764999999999999858e+01,
1.782999999999999829e+01,
1.812999999999999901e+01,
1.837000000000000099e+01,
1.844000000000000128e+01,
1.835999999999999943e+01,
1.823000000000000043e+01,
1.819000000000000128e+01,
6.190000000000000391e+00,
6.129999999999999893e+00,
6.089999999999999858e+00,
6.150000000000000355e+00,
6.000000000000000000e+00,
5.969999999999999751e+00,
6.139999999999999680e+00,
6.280000000000000249e+00,
6.459999999999999964e+00,
6.669999999999999929e+00,
6.780000000000000249e+00,
6.900000000000000355e+00,
7.200000000000000178e+00,
7.589999999999999858e+00,
7.750000000000000000e+00,
7.690000000000000391e+00,
7.990000000000000213e+00,
8.509999999999999787e+00,
8.699999999999999289e+00,
8.400000000000000355e+00,
8.099999999999999645e+00,
8.119999999999999218e+00,
8.169999999999999929e+00,
8.089999999999999858e+00,
7.900000000000000355e+00,
7.730000000000000426e+00,
7.669999999999999929e+00,
7.980000000000000426e+00,
8.240000000000000213e+00,
8.250000000000000000e+00,
8.310000000000000497e+00,
8.810000000000000497e+00,
9.330000000000000071e+00,
9.429999999999999716e+00,
9.250000000000000000e+00,
9.060000000000000497e+00,
9.210000000000000853e+00,
9.550000000000000711e+00,
9.970000000000000639e+00,
1.021000000000000085e+01,
1.016000000000000014e+01,
9.919999999999999929e+00,
9.679999999999999716e+00,
9.560000000000000497e+00,
9.619999999999999218e+00,
9.869999999999999218e+00,
1.014000000000000057e+01,
1.032000000000000028e+01,
1.024000000000000021e+01,
1.074000000000000021e+01,
1.103999999999999915e+01,
1.069999999999999929e+01,
1.026999999999999957e+01,
9.929999999999999716e+00,
9.630000000000000782e+00,
9.189999999999999503e+00,
9.240000000000000213e+00,
9.699999999999999289e+00,
1.026999999999999957e+01,
1.078999999999999915e+01,
1.093999999999999950e+01,
1.102999999999999936e+01,
1.102999999999999936e+01,
1.093999999999999950e+01,
1.098000000000000043e+01,
1.131000000000000050e+01,
1.134999999999999964e+01,
1.100999999999999979e+01,
1.057000000000000028e+01,
1.042999999999999972e+01,
1.058999999999999986e+01,
1.082000000000000028e+01,
1.081000000000000050e+01,
1.109999999999999964e+01,
1.121000000000000085e+01,
1.099000000000000021e+01,
1.073000000000000043e+01,
1.091999999999999993e+01,
1.171000000000000085e+01,
1.234999999999999964e+01,
1.271000000000000085e+01,
1.300999999999999979e+01,
1.303999999999999915e+01,
1.293999999999999950e+01,
1.306000000000000050e+01,
1.318999999999999950e+01,
1.330000000000000071e+01,
1.338000000000000078e+01,
1.340000000000000036e+01,
1.350999999999999979e+01,
1.382000000000000028e+01,
1.427999999999999936e+01,
1.477999999999999936e+01,
1.521000000000000085e+01,
1.547000000000000064e+01,
1.551999999999999957e+01,
1.551999999999999957e+01,
1.571000000000000085e+01,
1.591999999999999993e+01,
1.605000000000000071e+01,
1.623000000000000043e+01,
1.644999999999999929e+01,
1.667999999999999972e+01,
1.755999999999999872e+01,
1.717999999999999972e+01,
1.733999999999999986e+01,
1.742999999999999972e+01,
1.742999999999999972e+01,
1.746999999999999886e+01,
1.769000000000000128e+01,
1.780000000000000071e+01,
1.803000000000000114e+01,
1.817999999999999972e+01,
1.816000000000000014e+01,
1.814999999999999858e+01,
1.826000000000000156e+01,
1.835000000000000142e+01,
1.823999999999999844e+01,
1.794999999999999929e+01,
1.785000000000000142e+01,
1.808999999999999986e+01,
1.846999999999999886e+01,
1.850000000000000000e+01,
1.855000000000000071e+01,
1.862000000000000099e+01,
1.853999999999999915e+01,
1.844999999999999929e+01,
1.853999999999999915e+01,
1.867000000000000171e+01,
1.873999999999999844e+01,
1.882000000000000028e+01,
1.898000000000000043e+01,
1.910999999999999943e+01,
1.937000000000000099e+01,
1.948000000000000043e+01,
1.939999999999999858e+01,
1.914000000000000057e+01,
1.869000000000000128e+01,
1.817999999999999972e+01,
1.846000000000000085e+01,
1.862000000000000099e+01,
1.873999999999999844e+01,
1.903000000000000114e+01,
1.896999999999999886e+01,
1.894999999999999929e+01,
1.903999999999999915e+01,
1.887000000000000099e+01,
1.826000000000000156e+01,
1.753000000000000114e+01,
1.780000000000000071e+01,
1.757000000000000028e+01,
1.750000000000000000e+01,
1.735000000000000142e+01,
1.732999999999999829e+01,
5.929999999999999716e+00,
6.009999999999999787e+00,
6.250000000000000000e+00,
6.070000000000000284e+00,
5.889999999999999680e+00,
5.900000000000000355e+00,
6.049999999999999822e+00,
6.219999999999999751e+00,
6.160000000000000142e+00,
7.070000000000000284e+00,
7.610000000000000320e+00,
8.019999999999999574e+00,
8.119999999999999218e+00,
7.980000000000000426e+00,
7.809999999999999609e+00,
7.599999999999999645e+00,
7.660000000000000142e+00,
7.700000000000000178e+00,
7.629999999999999893e+00,
7.679999999999999716e+00,
8.029999999999999361e+00,
8.529999999999999361e+00,
8.849999999999999645e+00,
8.949999999999999289e+00,
8.970000000000000639e+00,
9.009999999999999787e+00,
8.820000000000000284e+00,
8.470000000000000639e+00,
8.119999999999999218e+00,
8.179999999999999716e+00,
8.410000000000000142e+00,
8.580000000000000071e+00,
8.560000000000000497e+00,
8.669999999999999929e+00,
9.019999999999999574e+00,
9.390000000000000568e+00,
9.570000000000000284e+00,
9.529999999999999361e+00,
9.759999999999999787e+00,
9.669999999999999929e+00,
9.580000000000000071e+00,
9.400000000000000355e+00,
9.560000000000000497e+00,
1.007000000000000028e+01,
1.082000000000000028e+01,
1.078999999999999915e+01,
1.038000000000000078e+01,
1.055000000000000071e+01,
1.073000000000000043e+01,
1.125999999999999979e+01,
1.184999999999999964e+01,
1.205000000000000071e+01,
1.166999999999999993e+01,
1.109999999999999964e+01,
1.091999999999999993e+01,
1.119999999999999929e+01,
1.166000000000000014e+01,
1.200000000000000000e+01,
1.198000000000000043e+01,
1.196000000000000085e+01,
1.210999999999999943e+01,
1.234999999999999964e+01,
1.248000000000000043e+01,
1.261999999999999922e+01,
1.278999999999999915e+01,
1.281000000000000050e+01,
1.276999999999999957e+01,
1.282000000000000028e+01,
1.307000000000000028e+01,
1.332000000000000028e+01,
1.324000000000000021e+01,
1.302999999999999936e+01,
1.305000000000000071e+01,
1.333000000000000007e+01,
1.363000000000000078e+01,
1.400999999999999979e+01,
1.455000000000000071e+01,
1.483999999999999986e+01,
1.482000000000000028e+01,
1.490000000000000036e+01,
1.503999999999999915e+01,
1.525000000000000000e+01,
1.541000000000000014e+01,
1.539000000000000057e+01,
1.528999999999999915e+01,
1.508000000000000007e+01,
1.466999999999999993e+01,
1.464000000000000057e+01,
1.515000000000000036e+01,
1.572000000000000064e+01,
1.635999999999999943e+01,
1.685000000000000142e+01,
1.726999999999999957e+01,
1.762999999999999901e+01,
1.800000000000000000e+01,
1.835000000000000142e+01,
1.855000000000000071e+01,
1.894999999999999929e+01,
1.917000000000000171e+01,
1.928000000000000114e+01,
1.926999999999999957e+01,
1.912000000000000099e+01,
1.883999999999999986e+01,
1.878999999999999915e+01,
1.862999999999999901e+01,
1.850000000000000000e+01,
1.855000000000000071e+01,
1.860999999999999943e+01,
1.848999999999999844e+01,
1.864999999999999858e+01,
1.914000000000000057e+01,
1.941000000000000014e+01,
1.962000000000000099e+01,
1.969999999999999929e+01,
1.966000000000000014e+01,
1.962999999999999901e+01,
1.957999999999999829e+01,
1.955999999999999872e+01,
1.957000000000000028e+01,
1.951999999999999957e+01,
1.926999999999999957e+01,
1.942000000000000171e+01,
1.960999999999999943e+01,
1.957000000000000028e+01,
1.964000000000000057e+01,
1.944999999999999929e+01,
1.917999999999999972e+01,
1.935000000000000142e+01,
1.917000000000000171e+01,
1.900000000000000000e+01,
1.889000000000000057e+01,
1.901999999999999957e+01,
1.885999999999999943e+01,
1.841000000000000014e+01,
1.819000000000000128e+01,
1.862999999999999901e+01,
1.903000000000000114e+01,
1.917999999999999972e+01,
1.917000000000000171e+01,
1.876999999999999957e+01,
1.807000000000000028e+01,
1.755999999999999872e+01,
1.746999999999999886e+01,
1.782999999999999829e+01,
1.825000000000000000e+01,
1.850000000000000000e+01,
1.882999999999999829e+01,
1.900000000000000000e+01,
1.917999999999999972e+01,
1.908999999999999986e+01,
1.891000000000000014e+01,
1.903999999999999915e+01,
1.921999999999999886e+01,
1.950000000000000000e+01,
8.140000000000000568e+00,
8.210000000000000853e+00,
7.429999999999999716e+00,
7.839999999999999858e+00,
7.990000000000000213e+00,
7.900000000000000355e+00,
7.849999999999999645e+00,
7.900000000000000355e+00,
7.719999999999999751e+00,
7.610000000000000320e+00,
7.759999999999999787e+00,
7.290000000000000036e+00,
8.039999999999999147e+00,
8.140000000000000568e+00,
8.269999999999999574e+00,
7.700000000000000178e+00,
7.990000000000000213e+00,
1.036999999999999922e+01,
8.519999999999999574e+00,
1.023000000000000043e+01,
9.480000000000000426e+00,
1.139000000000000057e+01,
1.099000000000000021e+01,
1.193999999999999950e+01,
1.242999999999999972e+01,
1.178999999999999915e+01,
1.174000000000000021e+01,
1.080000000000000071e+01,
1.013000000000000078e+01,
9.730000000000000426e+00,
9.789999999999999147e+00,
1.015000000000000036e+01,
1.016999999999999993e+01,
9.919999999999999929e+00,
9.449999999999999289e+00,
9.119999999999999218e+00,
9.089999999999999858e+00,
9.699999999999999289e+00,
9.679999999999999716e+00,
9.560000000000000497e+00,
9.410000000000000142e+00,
9.500000000000000000e+00,
1.036999999999999922e+01,
1.103999999999999915e+01,
1.164000000000000057e+01,
1.227999999999999936e+01,
1.284999999999999964e+01,
1.311999999999999922e+01,
1.351999999999999957e+01,
1.367999999999999972e+01,
1.275999999999999979e+01,
1.293999999999999950e+01,
1.197000000000000064e+01,
1.165000000000000036e+01,
1.150999999999999979e+01,
1.089000000000000057e+01,
1.048000000000000043e+01,
1.052999999999999936e+01,
1.074000000000000021e+01,
1.118999999999999950e+01,
1.158000000000000007e+01,
1.183000000000000007e+01,
1.219999999999999929e+01,
1.222000000000000064e+01,
1.240000000000000036e+01,
1.258999999999999986e+01,
1.230000000000000071e+01,
1.168999999999999950e+01,
1.124000000000000021e+01,
1.123000000000000043e+01,
1.148000000000000043e+01,
1.185999999999999943e+01,
1.201999999999999957e+01,
1.217999999999999972e+01,
1.242999999999999972e+01,
1.243999999999999950e+01,
1.256000000000000050e+01,
1.307000000000000028e+01,
1.363000000000000078e+01,
1.378999999999999915e+01,
1.361999999999999922e+01,
1.321000000000000085e+01,
1.276999999999999957e+01,
1.305000000000000071e+01,
1.353999999999999915e+01,
1.358999999999999986e+01,
1.360999999999999943e+01,
1.407000000000000028e+01,
1.468999999999999950e+01,
1.511999999999999922e+01,
1.538000000000000078e+01,
1.571000000000000085e+01,
1.607000000000000028e+01,
1.648000000000000043e+01,
1.675000000000000000e+01,
1.680999999999999872e+01,
1.678999999999999915e+01,
1.676000000000000156e+01,
1.671000000000000085e+01,
1.666000000000000014e+01,
1.667999999999999972e+01,
1.683999999999999986e+01,
1.714999999999999858e+01,
1.750000000000000000e+01,
1.789999999999999858e+01,
1.808999999999999986e+01,
1.853999999999999915e+01,
1.848999999999999844e+01,
1.832000000000000028e+01,
1.796999999999999886e+01,
1.814000000000000057e+01,
1.821000000000000085e+01,
1.858999999999999986e+01,
1.855000000000000071e+01,
1.864999999999999858e+01,
1.844000000000000128e+01,
1.851000000000000156e+01,
1.857000000000000028e+01,
1.842999999999999972e+01,
1.837999999999999901e+01,
1.832999999999999829e+01,
1.853000000000000114e+01,
1.842999999999999972e+01,
1.851999999999999957e+01,
1.873999999999999844e+01,
1.903999999999999915e+01,
1.926999999999999957e+01,
1.923999999999999844e+01,
1.932000000000000028e+01,
1.925000000000000000e+01,
1.928000000000000114e+01,
1.933999999999999986e+01,
1.925000000000000000e+01,
1.921999999999999886e+01,
1.932000000000000028e+01,
1.946999999999999886e+01,
1.937000000000000099e+01,
1.905999999999999872e+01,
1.855999999999999872e+01,
1.833999999999999986e+01,
1.844999999999999929e+01,
1.860999999999999943e+01,
1.869999999999999929e+01,
1.878000000000000114e+01,
1.894999999999999929e+01,
1.891000000000000014e+01,
1.866000000000000014e+01,
1.828999999999999915e+01,
1.789000000000000057e+01,
1.787000000000000099e+01,
1.760999999999999943e+01,
1.758999999999999986e+01,
1.775000000000000000e+01,
1.792000000000000171e+01,
