6.980000000000000426e+00,
6.990000000000000213e+00,
6.379999999999999893e+00,
6.549999999999999822e+00,
6.879999999999999893e+00,
7.120000000000000107e+00,
7.370000000000000107e+00,
8.009999999999999787e+00,
8.589999999999999858e+00,
8.769999999999999574e+00,
8.009999999999999787e+00,
8.279999999999999361e+00,
9.199999999999999289e+00,
8.939999999999999503e+00,
8.029999999999999361e+00,
9.019999999999999574e+00,
8.240000000000000213e+00,
8.519999999999999574e+00,
8.019999999999999574e+00,
8.279999999999999361e+00,
8.759999999999999787e+00,
8.880000000000000782e+00,
8.880000000000000782e+00,
9.000000000000000000e+00,
9.380000000000000782e+00,
9.740000000000000213e+00,
1.203999999999999915e+01,
1.225000000000000000e+01,
1.141000000000000014e+01,
1.224000000000000021e+01,
1.108999999999999986e+01,
1.071000000000000085e+01,
1.109999999999999964e+01,
1.053999999999999915e+01,
1.080000000000000071e+01,
1.168999999999999950e+01,
1.194999999999999929e+01,
1.192999999999999972e+01,
1.199000000000000021e+01,
1.156000000000000050e+01,
1.126999999999999957e+01,
1.118999999999999950e+01,
1.110999999999999943e+01,
1.127999999999999936e+01,
1.150000000000000000e+01,
1.184999999999999964e+01,
1.208999999999999986e+01,
1.209999999999999964e+01,
1.174000000000000021e+01,
1.124000000000000021e+01,
1.130000000000000071e+01,
1.134999999999999964e+01,
1.151999999999999957e+01,
1.165000000000000036e+01,
1.180000000000000071e+01,
1.196000000000000085e+01,
1.224000000000000021e+01,
1.261999999999999922e+01,
1.374000000000000021e+01,
1.367999999999999972e+01,
1.417999999999999972e+01,
1.459999999999999964e+01,
1.472000000000000064e+01,
1.459999999999999964e+01,
1.455000000000000071e+01,
1.401999999999999957e+01,
1.336999999999999922e+01,
1.343999999999999950e+01,
1.346000000000000085e+01,
1.367999999999999972e+01,
1.368999999999999950e+01,
1.333000000000000007e+01,
1.346000000000000085e+01,
1.453999999999999915e+01,
1.366000000000000014e+01,
1.477999999999999936e+01,
1.377999999999999936e+01,
1.509999999999999964e+01,
1.407000000000000028e+01,
1.441000000000000014e+01,
1.486999999999999922e+01,
1.515000000000000036e+01,
1.541999999999999993e+01,
1.586999999999999922e+01,
1.644999999999999929e+01,
1.664999999999999858e+01,
1.801999999999999957e+01,
1.903000000000000114e+01,
1.832000000000000028e+01,
1.742999999999999972e+01,
1.958999999999999986e+01,
1.919000000000000128e+01,
1.916000000000000014e+01,
1.935000000000000142e+01,
1.946000000000000085e+01,
1.748999999999999844e+01,
1.782999999999999829e+01,
1.830999999999999872e+01,
1.867000000000000171e+01,
1.908999999999999986e+01,
1.939000000000000057e+01,
1.942999999999999972e+01,
1.935999999999999943e+01,
2.005000000000000071e+01,
1.869000000000000128e+01,
1.869999999999999929e+01,
1.892999999999999972e+01,
2.007000000000000028e+01,
1.891000000000000014e+01,
2.096999999999999886e+01,
1.846999999999999886e+01,
1.842000000000000171e+01,
1.844000000000000128e+01,
1.853000000000000114e+01,
1.862999999999999901e+01,
1.862999999999999901e+01,
1.855999999999999872e+01,
1.853999999999999915e+01,
1.830999999999999872e+01,
1.778999999999999915e+01,
1.783999999999999986e+01,
1.835999999999999943e+01,
1.991000000000000014e+01,
1.991000000000000014e+01,
1.850000000000000000e+01,
1.842000000000000171e+01,
1.830000000000000071e+01,
1.814999999999999858e+01,
1.808999999999999986e+01,
1.980999999999999872e+01,
1.991000000000000014e+01,
1.871000000000000085e+01,
1.889999999999999858e+01,
2.010999999999999943e+01,
1.998000000000000043e+01,
2.082999999999999829e+01,
2.041000000000000014e+01,
1.816000000000000014e+01,
1.803000000000000114e+01,
1.776999999999999957e+01,
1.769999999999999929e+01,
1.762000000000000099e+01,
1.764999999999999858e+01,
1.773000000000000043e+01,
1.787999999999999901e+01,
1.808999999999999986e+01,
1.819000000000000128e+01,
2.091000000000000014e+01,
1.839000000000000057e+01,
1.839000000000000057e+01,
1.832999999999999829e+01,
1.823000000000000043e+01,
1.819999999999999929e+01,
2.057000000000000028e+01,
6.889999999999999680e+00,
6.910000000000000142e+00,
7.099999999999999645e+00,
7.299999999999999822e+00,
7.379999999999999893e+00,
7.389999999999999680e+00,
7.709999999999999964e+00,
7.990000000000000213e+00,
7.879999999999999893e+00,
7.860000000000000320e+00,
7.950000000000000178e+00,
8.310000000000000497e+00,
8.480000000000000426e+00,
8.580000000000000071e+00,
8.599999999999999645e+00,
8.730000000000000426e+00,
8.910000000000000142e+00,
8.900000000000000355e+00,
8.740000000000000213e+00,
8.439999999999999503e+00,
8.529999999999999361e+00,
8.759999999999999787e+00,
9.119999999999999218e+00,
9.669999999999999929e+00,
9.759999999999999787e+00,
9.839999999999999858e+00,
9.699999999999999289e+00,
9.730000000000000426e+00,
9.839999999999999858e+00,
1.019999999999999929e+01,
1.069999999999999929e+01,
1.089000000000000057e+01,
1.105000000000000071e+01,
1.086999999999999922e+01,
1.075999999999999979e+01,
1.058999999999999986e+01,
1.060999999999999943e+01,
1.093999999999999950e+01,
1.156000000000000050e+01,
1.157000000000000028e+01,
1.161999999999999922e+01,
1.125999999999999979e+01,
1.109999999999999964e+01,
1.138000000000000078e+01,
1.180000000000000071e+01,
1.198000000000000043e+01,
1.247000000000000064e+01,
1.291999999999999993e+01,
1.306000000000000050e+01,
1.292999999999999972e+01,
1.264000000000000057e+01,
1.228999999999999915e+01,
1.208000000000000007e+01,
1.197000000000000064e+01,
1.181000000000000050e+01,
1.192999999999999972e+01,
1.208999999999999986e+01,
1.222000000000000064e+01,
1.233000000000000007e+01,
1.241000000000000014e+01,
1.248000000000000043e+01,
1.243999999999999950e+01,
1.238000000000000078e+01,
1.269999999999999929e+01,
1.325999999999999979e+01,
1.415000000000000036e+01,
1.397000000000000064e+01,
1.417999999999999972e+01,
1.422000000000000064e+01,
1.421000000000000085e+01,
1.443999999999999950e+01,
1.460999999999999943e+01,
1.451999999999999957e+01,
1.425000000000000000e+01,
1.431000000000000050e+01,
1.448000000000000043e+01,
1.471000000000000085e+01,
1.483000000000000007e+01,
1.497000000000000064e+01,
1.500000000000000000e+01,
1.492999999999999972e+01,
1.517999999999999972e+01,
1.550000000000000000e+01,
1.657000000000000028e+01,
1.580000000000000071e+01,
1.621000000000000085e+01,
1.648000000000000043e+01,
1.832999999999999829e+01,
1.778999999999999915e+01,
1.758999999999999986e+01,
1.882999999999999829e+01,
1.919999999999999929e+01,
2.058999999999999986e+01,
1.796999999999999886e+01,
2.046999999999999886e+01,
1.967000000000000171e+01,
2.000000000000000000e+01,
1.898000000000000043e+01,
1.955000000000000071e+01,
2.003000000000000114e+01,
2.017000000000000171e+01,
1.951000000000000156e+01,
2.135000000000000142e+01,
1.914999999999999858e+01,
1.923000000000000043e+01,
1.928999999999999915e+01,
1.933999999999999986e+01,
2.121999999999999886e+01,
2.007999999999999829e+01,
1.919000000000000128e+01,
1.926999999999999957e+01,
1.932000000000000028e+01,
1.930000000000000071e+01,
1.932999999999999829e+01,
1.916000000000000014e+01,
1.910000000000000142e+01,
1.928000000000000114e+01,
2.200000000000000000e+01,
2.023999999999999844e+01,
1.957000000000000028e+01,
1.985000000000000142e+01,
2.180999999999999872e+01,
2.014000000000000057e+01,
1.953000000000000114e+01,
1.933999999999999986e+01,
1.823999999999999844e+01,
1.796000000000000085e+01,
1.794000000000000128e+01,
2.114000000000000057e+01,
1.812999999999999901e+01,
1.842999999999999972e+01,
1.851000000000000156e+01,
1.882999999999999829e+01,
1.876000000000000156e+01,
2.148000000000000043e+01,
1.903999999999999915e+01,
1.892000000000000171e+01,
1.896000000000000085e+01,
1.878000000000000114e+01,
1.833999999999999986e+01,
1.819999999999999929e+01,
2.075000000000000000e+01,
2.058999999999999986e+01,
1.792000000000000171e+01,
1.903999999999999915e+01,
1.792999999999999972e+01,
1.917999999999999972e+01,
1.825000000000000000e+01,
2.058999999999999986e+01,
1.842000000000000171e+01,
1.848000000000000043e+01,
1.853000000000000114e+01,
1.919999999999999929e+01,
1.923000000000000043e+01,
7.370000000000000107e+00,
7.259999999999999787e+00,
7.259999999999999787e+00,
7.450000000000000178e+00,
7.769999999999999574e+00,
7.809999999999999609e+00,
8.080000000000000071e+00,
8.269999999999999574e+00,
7.589999999999999858e+00,
8.519999999999999574e+00,
9.449999999999999289e+00,
1.002999999999999936e+01,
1.025999999999999979e+01,
9.900000000000000355e+00,
9.470000000000000639e+00,
9.130000000000000782e+00,
8.859999999999999432e+00,
8.890000000000000568e+00,
8.880000000000000782e+00,
9.000000000000000000e+00,
9.240000000000000213e+00,
9.269999999999999574e+00,
9.000000000000000000e+00,
8.849999999999999645e+00,
9.419999999999999929e+00,
9.589999999999999858e+00,
9.240000000000000213e+00,
9.900000000000000355e+00,
1.121000000000000085e+01,
1.028999999999999915e+01,
1.127999999999999936e+01,
1.186999999999999922e+01,
1.166999999999999993e+01,
1.157000000000000028e+01,
1.133999999999999986e+01,
1.100999999999999979e+01,
1.048000000000000043e+01,
1.021000000000000085e+01,
9.970000000000000639e+00,
9.509999999999999787e+00,
1.033000000000000007e+01,
1.194999999999999929e+01,
1.322000000000000064e+01,
1.271000000000000085e+01,
1.264000000000000057e+01,
1.261999999999999922e+01,
1.228999999999999915e+01,
1.224000000000000021e+01,
1.252999999999999936e+01,
1.297000000000000064e+01,
1.323000000000000043e+01,
1.321000000000000085e+01,
1.310999999999999943e+01,
1.277999999999999936e+01,
1.209999999999999964e+01,
1.169999999999999929e+01,
1.161999999999999922e+01,
1.201999999999999957e+01,
1.376999999999999957e+01,
1.378999999999999915e+01,
1.347000000000000064e+01,
1.347000000000000064e+01,
1.411999999999999922e+01,
1.480000000000000071e+01,
1.367999999999999972e+01,
1.447000000000000064e+01,
1.543999999999999950e+01,
1.625000000000000000e+01,
1.648999999999999844e+01,
1.580000000000000071e+01,
1.434999999999999964e+01,
1.339000000000000057e+01,
1.375000000000000000e+01,
1.542999999999999972e+01,
1.438000000000000078e+01,
1.455000000000000071e+01,
1.623999999999999844e+01,
1.493999999999999950e+01,
1.538000000000000078e+01,
1.696000000000000085e+01,
1.764999999999999858e+01,
1.596000000000000085e+01,
1.583999999999999986e+01,
1.623000000000000043e+01,
1.692000000000000171e+01,
1.951999999999999957e+01,
1.944999999999999929e+01,
1.932999999999999829e+01,
1.916000000000000014e+01,
1.903000000000000114e+01,
1.919999999999999929e+01,
1.951000000000000156e+01,
1.964000000000000057e+01,
1.994000000000000128e+01,
1.935000000000000142e+01,
2.076000000000000156e+01,
2.087000000000000099e+01,
1.796999999999999886e+01,
1.848999999999999844e+01,
1.894000000000000128e+01,
1.921000000000000085e+01,
1.925000000000000000e+01,
1.930999999999999872e+01,
1.905000000000000071e+01,
1.923000000000000043e+01,
2.226999999999999957e+01,
1.921000000000000085e+01,
1.921999999999999886e+01,
2.217000000000000171e+01,
2.100000000000000000e+01,
1.933999999999999986e+01,
1.944999999999999929e+01,
1.955000000000000071e+01,
1.942999999999999972e+01,
1.923999999999999844e+01,
2.117000000000000171e+01,
1.923000000000000043e+01,
2.242000000000000171e+01,
2.210000000000000142e+01,
1.912999999999999901e+01,
1.921999999999999886e+01,
1.941000000000000014e+01,
1.921999999999999886e+01,
1.928000000000000114e+01,
1.919999999999999929e+01,
1.898999999999999844e+01,
2.076999999999999957e+01,
2.157000000000000028e+01,
1.873999999999999844e+01,
1.853000000000000114e+01,
1.848000000000000043e+01,
2.078999999999999915e+01,
2.035000000000000142e+01,
1.782999999999999829e+01,
1.798999999999999844e+01,
1.942000000000000171e+01,
1.785000000000000142e+01,
1.798999999999999844e+01,
1.976000000000000156e+01,
1.821999999999999886e+01,
1.867999999999999972e+01,
1.850000000000000000e+01,
1.892000000000000171e+01,
2.050000000000000000e+01,
1.835000000000000142e+01,
1.803999999999999915e+01,
1.780999999999999872e+01,
1.737000000000000099e+01,
2.019999999999999929e+01,
1.794999999999999929e+01,
2.003000000000000114e+01,
1.903999999999999915e+01,
1.785999999999999943e+01,
1.780000000000000071e+01,
6.190000000000000391e+00,
6.330000000000000071e+00,
6.049999999999999822e+00,
6.009999999999999787e+00,
5.990000000000000213e+00,
5.849999999999999645e+00,
6.299999999999999822e+00,
6.139999999999999680e+00,
6.349999999999999645e+00,
6.580000000000000071e+00,
7.080000000000000071e+00,
6.700000000000000178e+00,
7.009999999999999787e+00,
7.250000000000000000e+00,
7.269999999999999574e+00,
7.349999999999999645e+00,
8.630000000000000782e+00,
8.570000000000000284e+00,
8.599999999999999645e+00,
8.480000000000000426e+00,
8.519999999999999574e+00,
7.889999999999999680e+00,
8.169999999999999929e+00,
8.050000000000000711e+00,
7.919999999999999929e+00,
7.750000000000000000e+00,
7.669999999999999929e+00,
7.769999999999999574e+00,
8.029999999999999361e+00,
8.070000000000000284e+00,
8.699999999999999289e+00,
8.730000000000000426e+00,
9.220000000000000639e+00,
9.509999999999999787e+00,
9.119999999999999218e+00,
8.839999999999999858e+00,
8.949999999999999289e+00,
9.740000000000000213e+00,
1.005000000000000071e+01,
1.027999999999999936e+01,
1.023000000000000043e+01,
9.929999999999999716e+00,
9.710000000000000853e+00,
9.580000000000000071e+00,
9.570000000000000284e+00,
9.730000000000000426e+00,
1.017999999999999972e+01,
9.990000000000000213e+00,
1.038000000000000078e+01,
1.077999999999999936e+01,
1.114000000000000057e+01,
1.069999999999999929e+01,
1.025999999999999979e+01,
9.919999999999999929e+00,
9.640000000000000568e+00,
9.220000000000000639e+00,
9.230000000000000426e+00,
9.689999999999999503e+00,
1.027999999999999936e+01,
1.064000000000000057e+01,
1.108999999999999986e+01,
1.100000000000000000e+01,
1.103999999999999915e+01,
1.093999999999999950e+01,
1.101999999999999957e+01,
1.138000000000000078e+01,
1.134999999999999964e+01,
1.090000000000000036e+01,
1.050000000000000000e+01,
1.042999999999999972e+01,
1.058999999999999986e+01,
1.084999999999999964e+01,
1.077999999999999936e+01,
1.109999999999999964e+01,
1.119999999999999929e+01,
1.096000000000000085e+01,
1.066000000000000014e+01,
1.098000000000000043e+01,
1.169999999999999929e+01,
1.230000000000000071e+01,
1.268999999999999950e+01,
1.299000000000000021e+01,
1.302999999999999936e+01,
1.291999999999999993e+01,
1.303999999999999915e+01,
1.325000000000000000e+01,
1.326999999999999957e+01,
1.336999999999999922e+01,
1.339000000000000057e+01,
1.350999999999999979e+01,
1.382000000000000028e+01,
1.427999999999999936e+01,
1.483000000000000007e+01,
1.563000000000000078e+01,
1.530000000000000071e+01,
1.544999999999999929e+01,
1.548000000000000043e+01,
1.568999999999999950e+01,
1.588000000000000078e+01,
1.608999999999999986e+01,
1.666000000000000014e+01,
1.630999999999999872e+01,
1.662999999999999901e+01,
1.700000000000000000e+01,
1.785000000000000142e+01,
1.857999999999999829e+01,
1.853999999999999915e+01,
1.775000000000000000e+01,
1.787000000000000099e+01,
1.883999999999999986e+01,
1.900000000000000000e+01,
1.823999999999999844e+01,
1.733999999999999986e+01,
1.742999999999999972e+01,
1.930000000000000071e+01,
1.780000000000000071e+01,
1.792999999999999972e+01,
1.803999999999999915e+01,
1.780000000000000071e+01,
1.785000000000000142e+01,
1.800000000000000000e+01,
1.835000000000000142e+01,
1.842000000000000171e+01,
1.857000000000000028e+01,
1.855000000000000071e+01,
2.003000000000000114e+01,
1.832000000000000028e+01,
1.842999999999999972e+01,
1.850000000000000000e+01,
2.035999999999999943e+01,
1.857000000000000028e+01,
1.867999999999999972e+01,
1.887999999999999901e+01,
1.908999999999999986e+01,
1.939999999999999858e+01,
1.926999999999999957e+01,
2.003999999999999915e+01,
1.873000000000000043e+01,
1.830999999999999872e+01,
1.853999999999999915e+01,
2.116000000000000014e+01,
2.089000000000000057e+01,
1.830000000000000071e+01,
1.842000000000000171e+01,
1.862000000000000099e+01,
1.867000000000000171e+01,
1.882999999999999829e+01,
1.835000000000000142e+01,
1.773999999999999844e+01,
1.744999999999999929e+01,
1.773000000000000043e+01,
2.003000000000000114e+01,
1.955000000000000071e+01,
1.710000000000000142e+01,
5.929999999999999716e+00,
5.929999999999999716e+00,
6.299999999999999822e+00,
6.110000000000000320e+00,
5.799999999999999822e+00,
5.780000000000000249e+00,
5.870000000000000107e+00,
6.030000000000000249e+00,
6.570000000000000284e+00,
7.179999999999999716e+00,
7.719999999999999751e+00,
8.150000000000000355e+00,
8.029999999999999361e+00,
7.990000000000000213e+00,
7.759999999999999787e+00,
7.610000000000000320e+00,
7.660000000000000142e+00,
7.719999999999999751e+00,
7.629999999999999893e+00,
7.700000000000000178e+00,
7.969999999999999751e+00,
8.519999999999999574e+00,
8.939999999999999503e+00,
8.960000000000000853e+00,
9.009999999999999787e+00,
9.029999999999999361e+00,
8.869999999999999218e+00,
8.560000000000000497e+00,
8.130000000000000782e+00,
8.179999999999999716e+00,
8.410000000000000142e+00,
8.529999999999999361e+00,
8.509999999999999787e+00,
8.529999999999999361e+00,
9.179999999999999716e+00,
9.390000000000000568e+00,
9.589999999999999858e+00,
9.570000000000000284e+00,
9.769999999999999574e+00,
9.730000000000000426e+00,
9.580000000000000071e+00,
9.359999999999999432e+00,
9.380000000000000782e+00,
9.890000000000000568e+00,
1.040000000000000036e+01,
1.083000000000000007e+01,
1.055000000000000071e+01,
1.042999999999999972e+01,
1.082000000000000028e+01,
1.125999999999999979e+01,
1.197000000000000064e+01,
1.203999999999999915e+01,
1.167999999999999972e+01,
1.103999999999999915e+01,
1.091999999999999993e+01,
1.119999999999999929e+01,
1.166999999999999993e+01,
1.201999999999999957e+01,
1.199000000000000021e+01,
1.196000000000000085e+01,
1.209999999999999964e+01,
1.233999999999999986e+01,
1.249000000000000021e+01,
1.260999999999999943e+01,
1.276999999999999957e+01,
1.278999999999999915e+01,
1.274000000000000021e+01,
1.280000000000000071e+01,
1.306000000000000050e+01,
1.331000000000000050e+01,
1.321000000000000085e+01,
1.301999999999999957e+01,
1.303999999999999915e+01,
1.350999999999999979e+01,
1.391000000000000014e+01,
1.413000000000000078e+01,
1.461999999999999922e+01,
1.475999999999999979e+01,
1.485999999999999943e+01,
1.507000000000000028e+01,
1.497000000000000064e+01,
1.522000000000000064e+01,
1.560999999999999943e+01,
1.528999999999999915e+01,
1.541000000000000014e+01,
1.503999999999999915e+01,
1.466999999999999993e+01,
1.458999999999999986e+01,
1.507000000000000028e+01,
1.564000000000000057e+01,
1.637000000000000099e+01,
1.676999999999999957e+01,
1.782000000000000028e+01,
1.737000000000000099e+01,
1.898999999999999844e+01,
1.792999999999999972e+01,
1.976000000000000156e+01,
1.844999999999999929e+01,
1.887999999999999901e+01,
1.921000000000000085e+01,
1.919000000000000128e+01,
1.907999999999999829e+01,
1.880000000000000071e+01,
1.871000000000000085e+01,
1.864999999999999858e+01,
1.851000000000000156e+01,
1.855000000000000071e+01,
1.860000000000000142e+01,
1.848999999999999844e+01,
1.855999999999999872e+01,
1.908999999999999986e+01,
1.937999999999999901e+01,
1.960000000000000142e+01,
1.962999999999999901e+01,
2.098000000000000043e+01,
1.951000000000000156e+01,
2.091000000000000014e+01,
2.080000000000000071e+01,
2.073999999999999844e+01,
1.923000000000000043e+01,
1.914999999999999858e+01,
1.914999999999999858e+01,
1.921000000000000085e+01,
1.941000000000000014e+01,
1.946000000000000085e+01,
1.942000000000000171e+01,
2.110000000000000142e+01,
1.903999999999999915e+01,
1.910000000000000142e+01,
2.139999999999999858e+01,
1.871000000000000085e+01,
2.016000000000000014e+01,
1.857000000000000028e+01,
1.851000000000000156e+01,
1.808999999999999986e+01,
1.837000000000000099e+01,
2.096000000000000085e+01,
1.830000000000000071e+01,
2.035999999999999943e+01,
1.851999999999999957e+01,
1.821999999999999886e+01,
1.767999999999999972e+01,
1.717000000000000171e+01,
1.758999999999999986e+01,
1.789000000000000057e+01,
2.053999999999999915e+01,
2.021999999999999886e+01,
1.776999999999999957e+01,
1.812000000000000099e+01,
1.841000000000000014e+01,
1.851999999999999957e+01,
1.860999999999999943e+01,
1.875000000000000000e+01,
1.894000000000000128e+01,
8.140000000000000568e+00,
6.780000000000000249e+00,
8.349999999999999645e+00,
7.790000000000000036e+00,
7.780000000000000249e+00,
7.650000000000000355e+00,
7.929999999999999716e+00,
7.860000000000000320e+00,
8.490000000000000213e+00,
7.259999999999999787e+00,
7.230000000000000426e+00,
8.570000000000000284e+00,
7.490000000000000213e+00,
7.530000000000000249e+00,
8.390000000000000568e+00,
9.029999999999999361e+00,
8.039999999999999147e+00,
1.033000000000000007e+01,
8.570000000000000284e+00,
9.070000000000000284e+00,
9.580000000000000071e+00,
1.039000000000000057e+01,
1.128999999999999915e+01,
1.211999999999999922e+01,
1.218999999999999950e+01,
1.192999999999999972e+01,
1.146000000000000085e+01,
1.074000000000000021e+01,
1.006000000000000050e+01,
9.820000000000000284e+00,
1.069999999999999929e+01,
1.083999999999999986e+01,
1.000999999999999979e+01,
9.859999999999999432e+00,
9.820000000000000284e+00,
9.419999999999999929e+00,
8.939999999999999503e+00,
9.099999999999999645e+00,
9.580000000000000071e+00,
9.509999999999999787e+00,
8.960000000000000853e+00,
8.949999999999999289e+00,
9.939999999999999503e+00,
1.042999999999999972e+01,
9.880000000000000782e+00,
1.258999999999999986e+01,
1.198000000000000043e+01,
1.133000000000000007e+01,
1.390000000000000036e+01,
1.386999999999999922e+01,
1.330000000000000071e+01,
1.301999999999999957e+01,
1.259999999999999964e+01,
1.197000000000000064e+01,
1.174000000000000021e+01,
1.118999999999999950e+01,
1.076999999999999957e+01,
1.075999999999999979e+01,
1.115000000000000036e+01,
1.156000000000000050e+01,
1.138000000000000078e+01,
1.168999999999999950e+01,
1.188000000000000078e+01,
1.203999999999999915e+01,
1.232000000000000028e+01,
1.263000000000000078e+01,
1.225999999999999979e+01,
1.165000000000000036e+01,
1.122000000000000064e+01,
1.123000000000000043e+01,
1.149000000000000021e+01,
1.189000000000000057e+01,
1.201999999999999957e+01,
1.218999999999999950e+01,
1.236999999999999922e+01,
1.240000000000000036e+01,
1.255000000000000071e+01,
1.306000000000000050e+01,
1.388000000000000078e+01,
1.371000000000000085e+01,
1.358000000000000007e+01,
1.316000000000000014e+01,
1.275999999999999979e+01,
1.307000000000000028e+01,
1.391999999999999993e+01,
1.349000000000000021e+01,
1.392999999999999972e+01,
1.409999999999999964e+01,
1.450999999999999979e+01,
1.501999999999999957e+01,
1.533999999999999986e+01,
1.571000000000000085e+01,
1.673000000000000043e+01,
1.614000000000000057e+01,
1.650000000000000000e+01,
1.675000000000000000e+01,
1.664999999999999858e+01,
1.735999999999999943e+01,
1.664999999999999858e+01,
1.662999999999999901e+01,
1.798999999999999844e+01,
1.812999999999999901e+01,
1.655999999999999872e+01,
1.696000000000000085e+01,
1.942999999999999972e+01,
1.773000000000000043e+01,
1.796999999999999886e+01,
1.832000000000000028e+01,
1.944999999999999929e+01,
1.782999999999999829e+01,
1.783999999999999986e+01,
1.810000000000000142e+01,
1.833999999999999986e+01,
1.846999999999999886e+01,
1.850000000000000000e+01,
1.846999999999999886e+01,
1.846999999999999886e+01,
1.846999999999999886e+01,
1.846999999999999886e+01,
1.839999999999999858e+01,
1.842000000000000171e+01,
1.828999999999999915e+01,
1.858999999999999986e+01,
1.855000000000000071e+01,
1.857000000000000028e+01,
1.896000000000000085e+01,
1.907000000000000028e+01,
2.158999999999999986e+01,
2.137999999999999901e+01,
1.894999999999999929e+01,
2.026999999999999957e+01,
1.901999999999999957e+01,
1.903999999999999915e+01,
1.903999999999999915e+01,
1.901999999999999957e+01,
1.910000000000000142e+01,
1.916000000000000014e+01,
1.905000000000000071e+01,
1.860999999999999943e+01,
1.835000000000000142e+01,
1.832999999999999829e+01,
2.126999999999999957e+01,
2.085000000000000142e+01,
1.814000000000000057e+01,
1.948000000000000043e+01,
1.839000000000000057e+01,
1.844999999999999929e+01,
1.832999999999999829e+01,
1.803000000000000114e+01,
1.751000000000000156e+01,
1.705999999999999872e+01,
1.703000000000000114e+01,
1.987000000000000099e+01,
1.957000000000000028e+01,
