900,
1100,
1100,
1100,
1100,
900,
1100,
1100,
1100,
1100,
1100,
1100,
1500,
1100,
1100,
1100,
1100,
1100,
900,
900,
900,
1100,
1100,
900,
1900,
1900,
900,
1100,
1100,
1100,
900,
1100,
900,
1500,
900,
900,
900,
900,
1900,
1900,
1900,
1900,
1900,
1900,
1900,
1900,
2300,
1900,
1900,
2500,
2500,
2500,
2500,
2500,
2500,
2300,
2500,
2300,
2900,
3300,
3700,
3700,
2900,
3100,
2500,
2500,
2500,
2500,
1900,
1900,
1900,
2500,
2500,
3100,
3100,
3100,
2500,
2500,
1900,
2500,
2500,
2500,
2500,
2500,
3100,
3700,
3900,
4100,
3300,
3700,
900,
1100,
1100,
1100,
1100,
1100,
1100,
1100,
300,
500,
300,
1100,
1100,
1100,
1100,
1100,
500,
500,
1100,
900,
900,
1900,
1900,
1900,
1900,
1900,
1900,
1900,
1900,
1900,
1900,
1900,
1900,
1900,
1700,
1900,
1900,
900,
2900,
900,
3100,
900,
900,
1900,
1900,
1900,
1900,
1900,
1900,
1900,
1900,
1900,
1900,
1900,
1900,
1900,
1900,
1900,
1900,
1900,
1700,
900,
1900,
1900,
1900,
1900,
1900,
1900,
1900,
900,
1900,
1900,
1900,
1900,
1900,
1900,
900,
900,
900,
900,
900,
900,
900,
1500,
1100,
1500,
900,
900,
900,
900,
