1.106900000000000091e+03,
1.061880000000000109e+03,
1.037529999999999973e+03,
1.077740000000000009e+03,
1.207990000000000009e+03,
1.110299999999999955e+03,
1.054230000000000018e+03,
1.118799999999999955e+03,
1.183930000000000064e+03,
1.149660000000000082e+03,
1.127569999999999936e+03,
1.071509999999999991e+03,
1.088210000000000036e+03,
1.149950000000000045e+03,
1.115680000000000064e+03,
1.046309999999999945e+03,
1.129839999999999918e+03,
1.263779999999999973e+03,
1.257269999999999982e+03,
1.219890000000000100e+03,
1.178549999999999955e+03,
1.160710000000000036e+03,
0.000000000000000000e+00,
2.036829999999999927e+03,
2.063730000000000018e+03,
0.000000000000000000e+00,
1.093029999999999973e+03,
1.087650000000000091e+03,
1.151930000000000064e+03,
1.211960000000000036e+03,
1.176000000000000000e+03,
1.260099999999999909e+03,
1.190720000000000027e+03,
1.245369999999999891e+03,
1.250750000000000000e+03,
1.263210000000000036e+03,
0.000000000000000000e+00,
1.409329999999999927e+03,
1.560259999999999991e+03,
1.602450000000000045e+03,
1.571869999999999891e+03,
1.649170000000000073e+03,
1.698720000000000027e+03,
1.599900000000000091e+03,
1.804630000000000109e+03,
2.110170000000000073e+03,
2.171900000000000091e+03,
2.172179999999999836e+03,
2.255719999999999800e+03,
2.432409999999999854e+03,
2.537750000000000000e+03,
2.375780000000000200e+03,
2.240710000000000036e+03,
2.212389999999999873e+03,
2.225699999999999818e+03,
2.345199999999999818e+03,
2.514530000000000200e+03,
2.944099999999999909e+03,
3.528840000000000146e+03,
3.924710000000000036e+03,
3.751409999999999854e+03,
3.276250000000000000e+03,
2.939000000000000000e+03,
2.686130000000000109e+03,
2.503210000000000036e+03,
2.382860000000000127e+03,
2.202480000000000018e+03,
2.129420000000000073e+03,
2.052969999999999800e+03,
2.163119999999999891e+03,
2.341800000000000182e+03,
2.541150000000000091e+03,
3.042639999999999873e+03,
2.953440000000000055e+03,
2.891989999999999782e+03,
2.639130000000000109e+03,
2.347460000000000036e+03,
2.143579999999999927e+03,
2.265340000000000146e+03,
2.304139999999999873e+03,
2.583909999999999854e+03,
2.639690000000000055e+03,
2.627800000000000182e+03,
2.719260000000000218e+03,
3.219619999999999891e+03,
4.075070000000000164e+03,
4.585619999999999891e+03,
4.413739999999999782e+03,
3.966050000000000182e+03,
0.000000000000000000e+00,
9.520099999999999909e+02,
9.811799999999999500e+02,
9.418200000000000500e+02,
8.574299999999999500e+02,
7.781499999999999773e+02,
7.962699999999999818e+02,
7.430299999999999727e+02,
7.254800000000000182e+02,
8.002300000000000182e+02,
7.860700000000000500e+02,
7.090499999999999545e+02,
7.393500000000000227e+02,
8.299700000000000273e+02,
8.390299999999999727e+02,
9.117999999999999545e+02,
9.511599999999999682e+02,
9.806100000000000136e+02,
1.128710000000000036e+03,
1.307670000000000073e+03,
1.350430000000000064e+03,
1.514950000000000045e+03,
1.951029999999999973e+03,
2.112429999999999836e+03,
1.911380000000000109e+03,
1.679190000000000055e+03,
1.544119999999999891e+03,
1.451240000000000009e+03,
1.567619999999999891e+03,
1.703259999999999991e+03,
1.694759999999999991e+03,
1.732140000000000100e+03,
1.687680000000000064e+03,
1.636430000000000064e+03,
1.613210000000000036e+03,
1.515519999999999982e+03,
1.438490000000000009e+03,
0.000000000000000000e+00,
3.272570000000000164e+03,
0.000000000000000000e+00,
2.857449999999999818e+03,
0.000000000000000000e+00,
1.386670000000000073e+03,
1.475589999999999918e+03,
1.546950000000000045e+03,
1.694480000000000018e+03,
1.837190000000000055e+03,
2.034279999999999973e+03,
2.116110000000000127e+03,
2.103940000000000055e+03,
1.900059999999999945e+03,
1.750829999999999927e+03,
1.735819999999999936e+03,
1.664460000000000036e+03,
1.678619999999999891e+03,
1.633309999999999945e+03,
1.562519999999999982e+03,
1.463130000000000109e+03,
1.404230000000000018e+03,
1.418670000000000073e+03,
1.365720000000000027e+03,
0.000000000000000000e+00,
1.949890000000000100e+03,
1.882500000000000000e+03,
1.878819999999999936e+03,
1.932619999999999891e+03,
1.956410000000000082e+03,
1.977359999999999900e+03,
2.028329999999999927e+03,
0.000000000000000000e+00,
1.724490000000000009e+03,
1.747150000000000091e+03,
1.667859999999999900e+03,
1.500789999999999964e+03,
1.455480000000000018e+03,
1.432829999999999927e+03,
1.353539999999999964e+03,
1.319559999999999945e+03,
1.305400000000000091e+03,
1.302569999999999936e+03,
1.226119999999999891e+03,
1.248769999999999982e+03,
1.211960000000000036e+03,
1.172319999999999936e+03,
1.197799999999999955e+03,
1.160990000000000009e+03,
1.237440000000000055e+03,
1.226119999999999891e+03,
1.265759999999999991e+03,
1.311069999999999936e+03,
0.000000000000000000e+00,
