6.959999999999999964e+00,
7.150000000000000355e+00,
7.040000000000000036e+00,
7.049999999999999822e+00,
7.320000000000000284e+00,
7.820000000000000284e+00,
8.410000000000000142e+00,
8.480000000000000426e+00,
8.359999999999999432e+00,
8.529999999999999361e+00,
9.160000000000000142e+00,
9.310000000000000497e+00,
8.910000000000000142e+00,
8.400000000000000355e+00,
8.679999999999999716e+00,
8.910000000000000142e+00,
8.710000000000000853e+00,
8.339999999999999858e+00,
8.320000000000000284e+00,
8.859999999999999432e+00,
9.609999999999999432e+00,
9.949999999999999289e+00,
9.619999999999999218e+00,
6.950000000000000178e+00,
7.320000000000000284e+00,
7.459999999999999964e+00,
6.309999999999999609e+00,
6.299999999999999822e+00,
6.219999999999999751e+00,
6.019999999999999574e+00,
5.820000000000000284e+00,
5.900000000000000355e+00,
6.209999999999999964e+00,
6.500000000000000000e+00,
6.509999999999999787e+00,
6.980000000000000426e+00,
7.099999999999999645e+00,
5.940000000000000391e+00,
6.059999999999999609e+00,
6.309999999999999609e+00,
5.980000000000000426e+00,
5.790000000000000036e+00,
5.759999999999999787e+00,
5.919999999999999929e+00,
6.129999999999999893e+00,
6.480000000000000426e+00,
7.250000000000000000e+00,
7.839999999999999858e+00,
8.339999999999999858e+00,
8.310000000000000497e+00,
7.849999999999999645e+00,
7.599999999999999645e+00,
7.509999999999999787e+00,
7.629999999999999893e+00,
7.589999999999999858e+00,
7.360000000000000320e+00,
7.580000000000000071e+00,
8.019999999999999574e+00,
8.539999999999999147e+00,
8.800000000000000711e+00,
8.849999999999999645e+00,
9.060000000000000497e+00,
9.099999999999999645e+00,
8.939999999999999503e+00,
8.400000000000000355e+00,
8.009999999999999787e+00,
8.189999999999999503e+00,
8.449999999999999289e+00,
8.589999999999999858e+00,
8.509999999999999787e+00,
8.650000000000000355e+00,
9.160000000000000142e+00,
9.509999999999999787e+00,
9.519999999999999574e+00,
9.519999999999999574e+00,
9.750000000000000000e+00,
9.640000000000000568e+00,
9.519999999999999574e+00,
9.390000000000000568e+00,
9.560000000000000497e+00,
1.009999999999999964e+01,
1.089000000000000057e+01,
1.075999999999999979e+01,
1.026999999999999957e+01,
1.049000000000000021e+01,
1.059999999999999964e+01,
1.083000000000000007e+01,
1.177999999999999936e+01,
1.228999999999999915e+01,
1.196000000000000085e+01,
8.210000000000000853e+00,
8.390000000000000568e+00,
8.480000000000000426e+00,
8.830000000000000071e+00,
8.810000000000000497e+00,
8.679999999999999716e+00,
8.349999999999999645e+00,
8.089999999999999858e+00,
7.530000000000000249e+00,
7.849999999999999645e+00,
8.050000000000000711e+00,
8.490000000000000213e+00,
7.889999999999999680e+00,
8.210000000000000853e+00,
8.400000000000000355e+00,
8.970000000000000639e+00,
9.699999999999999289e+00,
1.091999999999999993e+01,
1.107000000000000028e+01,
1.078999999999999915e+01,
1.144999999999999929e+01,
1.221000000000000085e+01,
1.208999999999999986e+01,
1.225000000000000000e+01,
1.203999999999999915e+01,
1.175999999999999979e+01,
1.082000000000000028e+01,
1.014000000000000057e+01,
9.560000000000000497e+00,
9.390000000000000568e+00,
9.740000000000000213e+00,
1.008000000000000007e+01,
9.710000000000000853e+00,
9.089999999999999858e+00,
8.650000000000000355e+00,
8.789999999999999147e+00,
9.179999999999999716e+00,
7.099999999999999645e+00,
7.459999999999999964e+00,
6.990000000000000213e+00,
7.570000000000000284e+00,
6.419999999999999929e+00,
7.349999999999999645e+00,
8.160000000000000142e+00,
8.130000000000000782e+00,
8.589999999999999858e+00,
9.019999999999999574e+00,
9.070000000000000284e+00,
8.960000000000000853e+00,
9.119999999999999218e+00,
9.029999999999999361e+00,
8.849999999999999645e+00,
8.730000000000000426e+00,
8.410000000000000142e+00,
7.910000000000000142e+00,
7.419999999999999929e+00,
7.389999999999999680e+00,
7.480000000000000426e+00,
7.639999999999999680e+00,
7.790000000000000036e+00,
7.690000000000000391e+00,
6.719999999999999751e+00,
7.169999999999999929e+00,
7.179999999999999716e+00,
7.200000000000000178e+00,
7.219999999999999751e+00,
7.110000000000000320e+00,
7.059999999999999609e+00,
7.299999999999999822e+00,
7.740000000000000213e+00,
7.929999999999999716e+00,
8.630000000000000782e+00,
8.689999999999999503e+00,
8.679999999999999716e+00,
8.640000000000000568e+00,
8.490000000000000213e+00,
8.189999999999999503e+00,
8.160000000000000142e+00,
8.220000000000000639e+00,
8.060000000000000497e+00,
8.060000000000000497e+00,
8.150000000000000355e+00,
8.250000000000000000e+00,
8.460000000000000853e+00,
8.880000000000000782e+00,
9.580000000000000071e+00,
9.439999999999999503e+00,
9.660000000000000142e+00,
9.750000000000000000e+00,
9.880000000000000782e+00,
