1700,
1300,
1300,
700,
700,
1300,
1300,
1300,
1300,
700,
700,
1300,
1300,
1300,
1300,
1300,
700,
700,
1300,
1300,
1300,
1300,
1300,
1300,
1300,
1300,
1300,
1300,
2101,
1900,
1300,
1300,
1300,
1300,
1300,
2101,
1900,
1900,
2900,
2700,
3100,
3100,
2700,
2101,
2101,
2500,
3300,
3900,
2900,
3100,
3700,
1700,
1900,
1900,
1900,
1700,
3100,
1700,
1300,
1300,
700,
1300,
1300,
1300,
1300,
1300,
1300,
1300,
1300,
700,
700,
1300,
1900,
1900,
1900,
2101,
2101,
2101,
1900,
1500,
1500,
1900,
1100,
1500,
1100,
1900,
1300,
1900,
2101,
2101,
1300,
1900,
2101,
2101,
2101,
2900,
2700,
2700,
3100,
2101,
2700,
1900,
2101,
1900,
3300,
3100,
3700,
1700,
1900,
1300,
1300,
1300,
1900,
1900,
1900,
2101,
2101,
2101,
1700,
1900,
2700,
2101,
1900,
2700,
1700,
1300,
1300,
700,
700,
700,
700,
700,
700,
700,
700,
700,
700,
700,
700,
1300,
1300,
1300,
700,
1300,
1300,
1300,
2101,
1700,
1900,
1900,
1900,
1900,
1300,
1300,
2101,
1900,
2101,
1300,
1900,
1300,
1100,
1300,
1300,
1300,
1300,
1300,
1300,
1300,
1900,
1900,
2101,
2101,
2101,
2300,
3100,
3300,
2700,
1900,
2101,
2101,
2101,
2101,
1900,
1900,
1900,
2101,
2101,
2700,
3900,
1700,
3700,
1700,
2700,
3700,
1700,
900,
1300,
1900,
1900,
1900,
1900,
1700,
1700,
2300,
1300,
1900,
2101,
1900,
1900,
1900,
1300,
1300,
1300,
1300,
1300,
1300,
1900,
900,
1300,
900,
900,
1700,
1100,
1300,
1700,
2101,
1900,
1900,
1900,
1500,
1500,
1700,
2300,
1700,
1900,
1900,
1900,
1300,
1300,
1300,
1300,
1300,
1300,
1300,
1300,
1300,
1300,
1300,
1300,
700,
1300,
1300,
1300,
1300,
1300,
1300,
1300,
1900,
1900,
1300,
1300,
1300,
1300,
1300,
1900,
1900,
1300,
1300,
2101,
1900,
2101,
2101,
1300,
1300,
1300,
1300,
1300,
1300,
1900,
1900,
1900,
1900,
1900,
1900,
1900,
1900,
2101,
2101,
2101,
2101,
1900,
1500,
1500,
1900,
2101,
1900,
1500,
1500,
1500,
1300,
1300,
1300,
1300,
1300,
1300,
1300,
1300,
1300,
1300,
1300,
700,
700,
700,
700,
1300,
1300,
700,
700,
700,
700,
700,
1300,
1300,
1300,
700,
700,
700,
700,
700,
700,
700,
700,
700,
700,
700,
700,
700,
700,
700,
700,
700,
700,
1300,
1300,
700,
700,
700,
700,
700,
700,
1300,
700,
700,
700,
700,
1300,
1300,
700,
