1.106900000000000091e+03,
1.061880000000000109e+03,
1.037529999999999973e+03,
1.077740000000000009e+03,
1.207990000000000009e+03,
1.110299999999999955e+03,
1.054230000000000018e+03,
1.118799999999999955e+03,
1.183930000000000064e+03,
1.149660000000000082e+03,
1.127569999999999936e+03,
1.071509999999999991e+03,
1.088210000000000036e+03,
1.149950000000000045e+03,
1.115680000000000064e+03,
1.046309999999999945e+03,
1.129839999999999918e+03,
1.263779999999999973e+03,
1.257269999999999982e+03,
1.219890000000000100e+03,
1.178549999999999955e+03,
1.160710000000000036e+03,
1.176559999999999945e+03,
1.219599999999999909e+03,
1.379309999999999945e+03,
1.423200000000000045e+03,
1.552329999999999927e+03,
1.634450000000000045e+03,
1.586309999999999945e+03,
1.603299999999999955e+03,
1.489750000000000000e+03,
1.367700000000000045e+03,
1.353829999999999927e+03,
1.542700000000000045e+03,
1.833799999999999955e+03,
1.997470000000000027e+03,
2.383429999999999836e+03,
2.428730000000000018e+03,
2.340949999999999818e+03,
2.757489999999999782e+03,
2.795150000000000091e+03,
2.590989999999999782e+03,
2.528409999999999854e+03,
2.518780000000000200e+03,
2.534920000000000073e+03,
2.803360000000000127e+03,
3.420670000000000073e+03,
3.392070000000000164e+03,
3.434829999999999927e+03,
3.854480000000000018e+03,
0.000000000000000000e+00,
2.036829999999999927e+03,
2.063730000000000018e+03,
2.024930000000000064e+03,
2.087800000000000182e+03,
2.723230000000000018e+03,
0.000000000000000000e+00,
1.093029999999999973e+03,
1.087650000000000091e+03,
1.151930000000000064e+03,
1.211960000000000036e+03,
1.176000000000000000e+03,
1.260099999999999909e+03,
1.190720000000000027e+03,
1.245369999999999891e+03,
1.250750000000000000e+03,
1.263210000000000036e+03,
1.239430000000000064e+03,
1.192420000000000073e+03,
1.171750000000000000e+03,
1.186470000000000027e+03,
1.542700000000000045e+03,
1.736670000000000073e+03,
1.717980000000000018e+03,
1.726480000000000018e+03,
1.733549999999999955e+03,
1.790470000000000027e+03,
1.858710000000000036e+03,
1.812559999999999945e+03,
1.526839999999999918e+03,
1.420369999999999891e+03,
1.563369999999999891e+03,
1.644069999999999936e+03,
1.552039999999999964e+03,
1.619440000000000055e+03,
1.581779999999999973e+03,
1.868910000000000082e+03,
1.942529999999999973e+03,
1.877400000000000091e+03,
1.730720000000000027e+03,
1.734119999999999891e+03,
1.783390000000000100e+03,
2.164539999999999964e+03,
2.361619999999999891e+03,
2.546530000000000200e+03,
2.779579999999999927e+03,
2.761739999999999782e+03,
2.605150000000000091e+03,
2.528409999999999854e+03,
2.480550000000000182e+03,
2.392769999999999982e+03,
2.103940000000000055e+03,
2.293659999999999854e+03,
2.876139999999999873e+03,
3.572730000000000018e+03,
4.364470000000000255e+03,
0.000000000000000000e+00,
1.409329999999999927e+03,
1.560259999999999991e+03,
1.602450000000000045e+03,
1.571869999999999891e+03,
1.649170000000000073e+03,
1.698720000000000027e+03,
1.599900000000000091e+03,
1.804630000000000109e+03,
2.110170000000000073e+03,
2.171900000000000091e+03,
2.172179999999999836e+03,
2.255719999999999800e+03,
2.432409999999999854e+03,
2.537750000000000000e+03,
2.375780000000000200e+03,
2.240710000000000036e+03,
0.000000000000000000e+00,
9.520099999999999909e+02,
9.811799999999999500e+02,
9.418200000000000500e+02,
8.574299999999999500e+02,
7.781499999999999773e+02,
7.962699999999999818e+02,
7.430299999999999727e+02,
7.254800000000000182e+02,
8.002300000000000182e+02,
7.860700000000000500e+02,
7.090499999999999545e+02,
7.393500000000000227e+02,
8.299700000000000273e+02,
8.390299999999999727e+02,
9.117999999999999545e+02,
9.511599999999999682e+02,
9.806100000000000136e+02,
1.128710000000000036e+03,
1.307670000000000073e+03,
1.350430000000000064e+03,
1.514950000000000045e+03,
1.951029999999999973e+03,
2.112429999999999836e+03,
1.911380000000000109e+03,
1.679190000000000055e+03,
1.544119999999999891e+03,
1.451240000000000009e+03,
1.567619999999999891e+03,
1.703259999999999991e+03,
1.694759999999999991e+03,
1.732140000000000100e+03,
1.687680000000000064e+03,
1.636430000000000064e+03,
1.613210000000000036e+03,
1.515519999999999982e+03,
1.438490000000000009e+03,
1.441329999999999927e+03,
1.362039999999999964e+03,
1.403950000000000045e+03,
1.400829999999999927e+03,
1.339380000000000109e+03,
1.386390000000000100e+03,
1.417539999999999964e+03,
1.493140000000000100e+03,
1.600750000000000000e+03,
1.701269999999999982e+03,
1.910819999999999936e+03,
2.220039999999999964e+03,
2.791750000000000000e+03,
2.989969999999999800e+03,
2.851780000000000200e+03,
2.424480000000000018e+03,
2.224280000000000200e+03,
2.042769999999999982e+03,
2.020970000000000027e+03,
1.947630000000000109e+03,
1.947059999999999945e+03,
2.026069999999999936e+03,
2.129989999999999782e+03,
2.074489999999999782e+03,
2.105349999999999909e+03,
2.279500000000000000e+03,
2.551340000000000146e+03,
3.885059999999999945e+03,
0.000000000000000000e+00,
3.272570000000000164e+03,
0.000000000000000000e+00,
2.857449999999999818e+03,
3.394329999999999927e+03,
0.000000000000000000e+00,
1.386670000000000073e+03,
1.475589999999999918e+03,
1.546950000000000045e+03,
1.694480000000000018e+03,
1.837190000000000055e+03,
2.034279999999999973e+03,
2.116110000000000127e+03,
2.103940000000000055e+03,
1.900059999999999945e+03,
1.750829999999999927e+03,
1.735819999999999936e+03,
1.664460000000000036e+03,
1.678619999999999891e+03,
1.633309999999999945e+03,
1.562519999999999982e+03,
1.463130000000000109e+03,
1.404230000000000018e+03,
1.418670000000000073e+03,
1.365720000000000027e+03,
1.410460000000000036e+03,
1.481529999999999973e+03,
1.469640000000000100e+03,
1.392619999999999891e+03,
1.362039999999999964e+03,
1.375910000000000082e+03,
1.385259999999999991e+03,
1.450670000000000073e+03,
1.532509999999999991e+03,
1.791039999999999964e+03,
0.000000000000000000e+00,
1.949890000000000100e+03,
1.882500000000000000e+03,
1.878819999999999936e+03,
1.932619999999999891e+03,
1.956410000000000082e+03,
1.977359999999999900e+03,
2.028329999999999927e+03,
1.990099999999999909e+03,
0.000000000000000000e+00,
1.724490000000000009e+03,
1.747150000000000091e+03,
1.667859999999999900e+03,
1.500789999999999964e+03,
1.455480000000000018e+03,
1.432829999999999927e+03,
1.353539999999999964e+03,
1.319559999999999945e+03,
1.305400000000000091e+03,
1.302569999999999936e+03,
1.226119999999999891e+03,
1.248769999999999982e+03,
1.211960000000000036e+03,
1.172319999999999936e+03,
1.197799999999999955e+03,
1.160990000000000009e+03,
1.237440000000000055e+03,
1.226119999999999891e+03,
1.265759999999999991e+03,
1.311069999999999936e+03,
1.379029999999999973e+03,
1.478140000000000100e+03,
1.537599999999999909e+03,
1.523440000000000055e+03,
1.551759999999999991e+03,
1.500789999999999964e+03,
1.444160000000000082e+03,
1.390349999999999909e+03,
1.393190000000000055e+03,
1.444160000000000082e+03,
1.489460000000000036e+03,
1.480970000000000027e+03,
1.554589999999999918e+03,
1.616890000000000100e+03,
1.812279999999999973e+03,
1.871740000000000009e+03,
1.854750000000000000e+03,
1.781130000000000109e+03,
1.597069999999999936e+03,
1.469640000000000100e+03,
1.449819999999999936e+03,
1.432829999999999927e+03,
1.514950000000000045e+03,
1.622549999999999955e+03,
1.551759999999999991e+03,
1.769799999999999955e+03,
2.050139999999999873e+03,
1.945359999999999900e+03,
1.761299999999999955e+03,
1.792450000000000045e+03,
1.798119999999999891e+03,
1.820769999999999982e+03,
1.846259999999999991e+03,
1.880240000000000009e+03,
1.823599999999999909e+03,
1.778299999999999955e+03,
1.786789999999999964e+03,
1.849089999999999918e+03,
1.732990000000000009e+03,
1.707500000000000000e+03,
1.682019999999999982e+03,
1.769799999999999955e+03,
1.775460000000000036e+03,
1.837759999999999991e+03,
1.752809999999999945e+03,
1.514950000000000045e+03,
1.413009999999999991e+03,
1.446990000000000009e+03,
1.495130000000000109e+03,
1.478140000000000100e+03,
1.362039999999999964e+03,
1.308799999999999955e+03,
1.252740000000000009e+03,
1.134650000000000091e+03,
1.055079999999999927e+03,
1.014590000000000032e+03,
9.505900000000000318e+02,
9.695700000000000500e+02,
9.282200000000000273e+02,
9.143500000000000227e+02,
8.928300000000000409e+02,
8.690399999999999636e+02,
8.475199999999999818e+02,
8.948099999999999454e+02,
8.917000000000000455e+02,
8.809400000000000546e+02,
8.534700000000000273e+02,
1.010340000000000032e+03,
9.944900000000000091e+02,
9.279400000000000546e+02,
8.732899999999999636e+02,
8.911299999999999955e+02,
7.229299999999999500e+02,
6.982899999999999636e+02,
6.804500000000000455e+02,
6.861200000000000045e+02,
7.116000000000000227e+02,
7.294400000000000546e+02,
7.818300000000000409e+02,
7.900399999999999636e+02,
8.613999999999999773e+02,
8.206200000000000045e+02,
8.761200000000000045e+02,
8.730099999999999909e+02,
7.127300000000000182e+02,
7.552100000000000364e+02,
8.160900000000000318e+02,
8.192100000000000364e+02,
8.410099999999999909e+02,
8.557300000000000182e+02,
8.282699999999999818e+02,
8.376100000000000136e+02,
9.117999999999999545e+02,
8.707400000000000091e+02,
8.090099999999999909e+02,
7.503999999999999773e+02,
8.217500000000000000e+02,
7.823899999999999864e+02,
7.611599999999999682e+02,
7.668200000000000500e+02,
8.084400000000000546e+02,
9.358700000000000045e+02,
8.732899999999999636e+02,
8.795199999999999818e+02,
7.787100000000000364e+02,
