6.959999999999999964e+00,
6.929999999999999716e+00,
6.959999999999999964e+00,
7.030000000000000249e+00,
7.599999999999999645e+00,
8.130000000000000782e+00,
8.179999999999999716e+00,
8.310000000000000497e+00,
8.300000000000000711e+00,
8.830000000000000071e+00,
9.539999999999999147e+00,
9.519999999999999574e+00,
8.769999999999999574e+00,
8.500000000000000000e+00,
8.660000000000000142e+00,
8.849999999999999645e+00,
8.439999999999999503e+00,
8.359999999999999432e+00,
8.480000000000000426e+00,
8.849999999999999645e+00,
9.480000000000000426e+00,
9.589999999999999858e+00,
9.359999999999999432e+00,
9.750000000000000000e+00,
1.069999999999999929e+01,
1.128999999999999915e+01,
1.156000000000000050e+01,
1.205000000000000071e+01,
1.233999999999999986e+01,
1.159999999999999964e+01,
1.091000000000000014e+01,
1.075999999999999979e+01,
1.064000000000000057e+01,
1.103999999999999915e+01,
1.146000000000000085e+01,
1.201999999999999957e+01,
1.192999999999999972e+01,
1.180000000000000071e+01,
1.164000000000000057e+01,
1.105000000000000071e+01,
1.091999999999999993e+01,
1.091000000000000014e+01,
1.078999999999999915e+01,
1.130000000000000071e+01,
1.189000000000000057e+01,
1.225999999999999979e+01,
1.226999999999999957e+01,
1.199000000000000021e+01,
1.115000000000000036e+01,
1.110999999999999943e+01,
1.134999999999999964e+01,
6.950000000000000178e+00,
7.200000000000000178e+00,
7.490000000000000213e+00,
7.690000000000000391e+00,
7.580000000000000071e+00,
7.469999999999999751e+00,
6.309999999999999609e+00,
6.219999999999999751e+00,
6.019999999999999574e+00,
5.709999999999999964e+00,
5.790000000000000036e+00,
5.980000000000000426e+00,
6.280000000000000249e+00,
6.410000000000000142e+00,
6.740000000000000213e+00,
6.980000000000000426e+00,
6.980000000000000426e+00,
7.120000000000000107e+00,
7.530000000000000249e+00,
8.320000000000000284e+00,
8.410000000000000142e+00,
7.849999999999999645e+00,
8.320000000000000284e+00,
9.039999999999999147e+00,
8.949999999999999289e+00,
8.099999999999999645e+00,
7.480000000000000426e+00,
7.679999999999999716e+00,
7.969999999999999751e+00,
7.839999999999999858e+00,
7.509999999999999787e+00,
7.250000000000000000e+00,
7.549999999999999822e+00,
8.199999999999999289e+00,
8.519999999999999574e+00,
8.279999999999999361e+00,
8.560000000000000497e+00,
9.050000000000000711e+00,
9.609999999999999432e+00,
9.529999999999999361e+00,
9.150000000000000355e+00,
8.779999999999999361e+00,
9.199999999999999289e+00,
9.929999999999999716e+00,
1.040000000000000036e+01,
1.025000000000000000e+01,
1.008000000000000007e+01,
9.750000000000000000e+00,
9.400000000000000355e+00,
9.369999999999999218e+00,
9.609999999999999432e+00,
9.830000000000000071e+00,
1.008999999999999986e+01,
1.042999999999999972e+01,
1.042999999999999972e+01,
1.111999999999999922e+01,
5.940000000000000391e+00,
6.040000000000000036e+00,
6.219999999999999751e+00,
5.950000000000000178e+00,
5.870000000000000107e+00,
5.969999999999999751e+00,
5.990000000000000213e+00,
6.169999999999999929e+00,
6.410000000000000142e+00,
6.860000000000000320e+00,
7.610000000000000320e+00,
8.099999999999999645e+00,
8.380000000000000782e+00,
8.050000000000000711e+00,
7.610000000000000320e+00,
7.580000000000000071e+00,
7.650000000000000355e+00,
8.210000000000000853e+00,
8.339999999999999858e+00,
8.539999999999999147e+00,
8.779999999999999361e+00,
8.939999999999999503e+00,
8.710000000000000853e+00,
8.429999999999999716e+00,
8.269999999999999574e+00,
7.839999999999999858e+00,
7.700000000000000178e+00,
8.000000000000000000e+00,
8.119999999999999218e+00,
8.109999999999999432e+00,
8.449999999999999289e+00,
8.640000000000000568e+00,
8.980000000000000426e+00,
9.169999999999999929e+00,
9.900000000000000355e+00,
1.016999999999999993e+01,
1.117999999999999972e+01,
1.108000000000000007e+01,
1.193999999999999950e+01,
1.248000000000000043e+01,
1.210999999999999943e+01,
1.214000000000000057e+01,
1.175000000000000000e+01,
1.075000000000000000e+01,
1.007000000000000028e+01,
9.519999999999999574e+00,
9.460000000000000853e+00,
9.789999999999999147e+00,
1.008999999999999986e+01,
9.859999999999999432e+00,
9.220000000000000639e+00,
8.919999999999999929e+00,
8.720000000000000639e+00,
9.080000000000000071e+00,
9.570000000000000284e+00,
9.470000000000000639e+00,
9.269999999999999574e+00,
9.070000000000000284e+00,
9.460000000000000853e+00,
1.017999999999999972e+01,
1.096000000000000085e+01,
1.157000000000000028e+01,
1.183000000000000007e+01,
1.255000000000000071e+01,
1.281000000000000050e+01,
1.341999999999999993e+01,
1.377999999999999936e+01,
1.351999999999999957e+01,
1.266999999999999993e+01,
1.175999999999999979e+01,
1.131000000000000050e+01,
1.100999999999999979e+01,
1.025000000000000000e+01,
1.030000000000000071e+01,
1.056000000000000050e+01,
1.110999999999999943e+01,
1.163000000000000078e+01,
1.215000000000000036e+01,
1.214000000000000057e+01,
1.214000000000000057e+01,
1.225999999999999979e+01,
1.246000000000000085e+01,
7.099999999999999645e+00,
7.349999999999999645e+00,
6.990000000000000213e+00,
7.389999999999999680e+00,
7.410000000000000142e+00,
6.419999999999999929e+00,
7.129999999999999893e+00,
8.349999999999999645e+00,
8.619999999999999218e+00,
8.589999999999999858e+00,
9.029999999999999361e+00,
9.109999999999999432e+00,
8.980000000000000426e+00,
9.189999999999999503e+00,
9.109999999999999432e+00,
8.759999999999999787e+00,
8.900000000000000355e+00,
8.470000000000000639e+00,
7.990000000000000213e+00,
7.490000000000000213e+00,
7.400000000000000355e+00,
7.490000000000000213e+00,
7.719999999999999751e+00,
7.910000000000000142e+00,
7.910000000000000142e+00,
7.830000000000000071e+00,
7.750000000000000000e+00,
7.650000000000000355e+00,
7.570000000000000284e+00,
7.910000000000000142e+00,
8.099999999999999645e+00,
8.759999999999999787e+00,
9.009999999999999787e+00,
8.769999999999999574e+00,
8.880000000000000782e+00,
6.719999999999999751e+00,
7.019999999999999574e+00,
7.139999999999999680e+00,
7.139999999999999680e+00,
7.209999999999999964e+00,
6.990000000000000213e+00,
7.040000000000000036e+00,
7.429999999999999716e+00,
7.540000000000000036e+00,
7.740000000000000213e+00,
8.039999999999999147e+00,
8.740000000000000213e+00,
8.640000000000000568e+00,
8.640000000000000568e+00,
8.800000000000000711e+00,
8.660000000000000142e+00,
8.429999999999999716e+00,
8.210000000000000853e+00,
8.150000000000000355e+00,
8.029999999999999361e+00,
8.000000000000000000e+00,
8.089999999999999858e+00,
8.199999999999999289e+00,
8.609999999999999432e+00,
9.220000000000000639e+00,
9.490000000000000213e+00,
9.730000000000000426e+00,
9.380000000000000782e+00,
9.599999999999999645e+00,
9.710000000000000853e+00,
9.779999999999999361e+00,
9.929999999999999716e+00,
1.013000000000000078e+01,
1.026999999999999957e+01,
1.041000000000000014e+01,
1.091000000000000014e+01,
1.135999999999999943e+01,
1.102999999999999936e+01,
1.100000000000000000e+01,
1.097000000000000064e+01,
1.075999999999999979e+01,
1.056000000000000050e+01,
1.084999999999999964e+01,
1.146000000000000085e+01,
1.167999999999999972e+01,
1.175999999999999979e+01,
1.209999999999999964e+01,
1.225999999999999979e+01,
1.231000000000000050e+01,
1.247000000000000064e+01,
1.201999999999999957e+01,
1.166000000000000014e+01,
1.177999999999999936e+01,
1.223000000000000043e+01,
1.284999999999999964e+01,
1.301999999999999957e+01,
1.316999999999999993e+01,
1.311999999999999922e+01,
1.305000000000000071e+01,
1.322000000000000064e+01,
1.299000000000000021e+01,
1.291999999999999993e+01,
1.326999999999999957e+01,
1.374000000000000021e+01,
1.416000000000000014e+01,
1.440000000000000036e+01,
1.472000000000000064e+01,
1.541000000000000014e+01,
1.559999999999999964e+01,
1.560999999999999943e+01,
1.543999999999999950e+01,
1.517999999999999972e+01,
1.555000000000000071e+01,
1.637000000000000099e+01,
1.682999999999999829e+01,
1.701000000000000156e+01,
1.721000000000000085e+01,
1.726999999999999957e+01,
1.687999999999999901e+01,
1.662999999999999901e+01,
1.721000000000000085e+01,
1.787000000000000099e+01,
1.866000000000000014e+01,
1.921999999999999886e+01,
1.946999999999999886e+01,
1.957000000000000028e+01,
1.957000000000000028e+01,
2.016000000000000014e+01,
1.998999999999999844e+01,
1.971000000000000085e+01,
1.975000000000000000e+01,
1.932999999999999829e+01,
1.942000000000000171e+01,
1.992000000000000171e+01,
1.989000000000000057e+01,
2.032999999999999829e+01,
2.046999999999999886e+01,
2.066000000000000014e+01,
2.005000000000000071e+01,
1.982000000000000028e+01,
1.962999999999999901e+01,
2.048999999999999844e+01,
2.050000000000000000e+01,
2.026000000000000156e+01,
2.044999999999999929e+01,
2.098000000000000043e+01,
2.126999999999999957e+01,
2.175000000000000000e+01,
2.239000000000000057e+01,
2.264000000000000057e+01,
2.262999999999999901e+01,
2.237999999999999901e+01,
2.182000000000000028e+01,
2.166000000000000014e+01,
2.117999999999999972e+01,
2.064999999999999858e+01,
1.992000000000000171e+01,
1.946999999999999886e+01,
1.998999999999999844e+01,
1.951000000000000156e+01,
1.962999999999999901e+01,
2.001000000000000156e+01,
1.958999999999999986e+01,
1.946000000000000085e+01,
1.962999999999999901e+01,
1.964000000000000057e+01,
1.967000000000000171e+01,
1.930000000000000071e+01,
1.967999999999999972e+01,
1.951999999999999957e+01,
1.996000000000000085e+01,
2.012999999999999901e+01,
1.914999999999999858e+01,
1.873999999999999844e+01,
