8.380000000000000782e+00,
7.839999999999999858e+00,
8.439999999999999503e+00,
8.570000000000000284e+00,
8.640000000000000568e+00,
8.890000000000000568e+00,
8.589999999999999858e+00,
8.849999999999999645e+00,
8.509999999999999787e+00,
8.599999999999999645e+00,
8.050000000000000711e+00,
8.400000000000000355e+00,
7.900000000000000355e+00,
8.189999999999999503e+00,
8.070000000000000284e+00,
8.320000000000000284e+00,
8.960000000000000853e+00,
8.740000000000000213e+00,
8.880000000000000782e+00,
9.919999999999999929e+00,
9.009999999999999787e+00,
9.089999999999999858e+00,
9.390000000000000568e+00,
9.669999999999999929e+00,
1.056000000000000050e+01,
1.031000000000000050e+01,
1.091000000000000014e+01,
1.044999999999999929e+01,
1.050999999999999979e+01,
1.043999999999999950e+01,
1.092999999999999972e+01,
1.131000000000000050e+01,
1.025999999999999979e+01,
1.039000000000000057e+01,
1.082000000000000028e+01,
1.105000000000000071e+01,
1.222000000000000064e+01,
1.157000000000000028e+01,
1.217999999999999972e+01,
1.208000000000000007e+01,
1.248000000000000043e+01,
1.239000000000000057e+01,
1.252999999999999936e+01,
1.151999999999999957e+01,
1.206000000000000050e+01,
1.286999999999999922e+01,
1.210999999999999943e+01,
1.294999999999999929e+01,
1.348000000000000043e+01,
1.335999999999999943e+01,
1.264000000000000057e+01,
1.267999999999999972e+01,
1.356000000000000050e+01,
1.353999999999999915e+01,
1.277999999999999936e+01,
1.348000000000000043e+01,
1.385999999999999943e+01,
1.500000000000000000e+01,
1.457000000000000028e+01,
1.442999999999999972e+01,
1.474000000000000021e+01,
1.486999999999999922e+01,
1.498000000000000043e+01,
1.517999999999999972e+01,
1.544999999999999929e+01,
1.577999999999999936e+01,
1.607000000000000028e+01,
1.755999999999999872e+01,
1.678000000000000114e+01,
1.667999999999999972e+01,
1.660999999999999943e+01,
1.593999999999999950e+01,
1.833999999999999986e+01,
1.885000000000000142e+01,
1.923999999999999844e+01,
1.812000000000000099e+01,
1.664999999999999858e+01,
1.733999999999999986e+01,
1.775000000000000000e+01,
1.864999999999999858e+01,
2.032999999999999829e+01,
1.857000000000000028e+01,
2.039999999999999858e+01,
1.953000000000000114e+01,
2.046000000000000085e+01,
1.841000000000000014e+01,
1.851999999999999957e+01,
1.867000000000000171e+01,
1.944000000000000128e+01,
1.896999999999999886e+01,
1.885000000000000142e+01,
1.885000000000000142e+01,
2.126999999999999957e+01,
2.135999999999999943e+01,
1.862999999999999901e+01,
1.864999999999999858e+01,
1.875000000000000000e+01,
2.187999999999999901e+01,
2.244000000000000128e+01,
1.905999999999999872e+01,
2.289999999999999858e+01,
2.071000000000000085e+01,
1.953000000000000114e+01,
2.253999999999999915e+01,
2.085999999999999943e+01,
1.996000000000000085e+01,
2.030000000000000071e+01,
1.892999999999999972e+01,
2.157000000000000028e+01,
1.794999999999999929e+01,
2.173000000000000043e+01,
1.787999999999999901e+01,
2.116000000000000014e+01,
2.092999999999999972e+01,
1.944999999999999929e+01,
1.937999999999999901e+01,
1.926000000000000156e+01,
1.912000000000000099e+01,
1.828000000000000114e+01,
1.837999999999999901e+01,
1.846000000000000085e+01,
1.853000000000000114e+01,
2.073000000000000043e+01,
1.862000000000000099e+01,
1.826000000000000156e+01,
1.801999999999999957e+01,
1.964999999999999858e+01,
1.985000000000000142e+01,
1.841000000000000014e+01,
2.146000000000000085e+01,
1.862999999999999901e+01,
1.882999999999999829e+01,
1.935000000000000142e+01,
2.123999999999999844e+01,
2.135999999999999943e+01,
1.925000000000000000e+01,
2.001000000000000156e+01,
2.144999999999999929e+01,
1.905999999999999872e+01,
1.944000000000000128e+01,
1.932000000000000028e+01,
2.203999999999999915e+01,
2.155000000000000071e+01,
2.023999999999999844e+01,
1.960000000000000142e+01,
1.937000000000000099e+01,
1.941000000000000014e+01,
1.939000000000000057e+01,
1.944000000000000128e+01,
1.939999999999999858e+01,
2.016000000000000014e+01,
2.098999999999999844e+01,
2.092999999999999972e+01,
1.896999999999999886e+01,
8.380000000000000782e+00,
7.870000000000000107e+00,
8.449999999999999289e+00,
8.859999999999999432e+00,
8.810000000000000497e+00,
8.570000000000000284e+00,
8.609999999999999432e+00,
8.570000000000000284e+00,
8.460000000000000853e+00,
8.369999999999999218e+00,
8.480000000000000426e+00,
8.369999999999999218e+00,
8.140000000000000568e+00,
8.119999999999999218e+00,
8.210000000000000853e+00,
8.460000000000000853e+00,
9.369999999999999218e+00,
9.650000000000000355e+00,
9.609999999999999432e+00,
9.689999999999999503e+00,
9.109999999999999432e+00,
9.269999999999999574e+00,
1.000000000000000000e+01,
1.005000000000000071e+01,
1.016000000000000014e+01,
9.740000000000000213e+00,
1.011999999999999922e+01,
1.025999999999999979e+01,
1.024000000000000021e+01,
1.023000000000000043e+01,
1.081000000000000050e+01,
1.031000000000000050e+01,
1.035999999999999943e+01,
1.053999999999999915e+01,
1.077999999999999936e+01,
1.147000000000000064e+01,
1.169999999999999929e+01,
1.190000000000000036e+01,
1.210999999999999943e+01,
1.231000000000000050e+01,
1.283000000000000007e+01,
1.169999999999999929e+01,
1.215000000000000036e+01,
1.157000000000000028e+01,
1.248000000000000043e+01,
1.190000000000000036e+01,
1.275999999999999979e+01,
1.249000000000000021e+01,
1.292999999999999972e+01,
1.298000000000000043e+01,
1.299000000000000021e+01,
1.291000000000000014e+01,
1.276999999999999957e+01,
1.282000000000000028e+01,
1.310999999999999943e+01,
1.352999999999999936e+01,
1.393999999999999950e+01,
1.419999999999999929e+01,
1.500999999999999979e+01,
1.465000000000000036e+01,
1.547000000000000064e+01,
1.619999999999999929e+01,
1.478999999999999915e+01,
1.552999999999999936e+01,
1.626999999999999957e+01,
1.667000000000000171e+01,
1.617000000000000171e+01,
1.719999999999999929e+01,
1.633999999999999986e+01,
1.723999999999999844e+01,
1.619999999999999929e+01,
1.741000000000000014e+01,
1.691000000000000014e+01,
1.853000000000000114e+01,
1.742999999999999972e+01,
1.780000000000000071e+01,
1.641000000000000014e+01,
1.860999999999999943e+01,
2.028999999999999915e+01,
1.725000000000000000e+01,
2.016000000000000014e+01,
1.782999999999999829e+01,
1.814999999999999858e+01,
1.857999999999999829e+01,
1.898999999999999844e+01,
1.903000000000000114e+01,
1.876000000000000156e+01,
1.882000000000000028e+01,
1.889000000000000057e+01,
1.905000000000000071e+01,
1.903999999999999915e+01,
1.896999999999999886e+01,
1.887999999999999901e+01,
1.894000000000000128e+01,
1.885999999999999943e+01,
1.898999999999999844e+01,
1.901000000000000156e+01,
1.925000000000000000e+01,
1.960999999999999943e+01,
1.983999999999999986e+01,
2.012999999999999901e+01,
2.328999999999999915e+01,
2.135000000000000142e+01,
2.028000000000000114e+01,
2.048000000000000043e+01,
2.117000000000000171e+01,
1.996999999999999886e+01,
1.882999999999999829e+01,
2.217000000000000171e+01,
1.780999999999999872e+01,
2.210999999999999943e+01,
1.796999999999999886e+01,
1.839000000000000057e+01,
1.851999999999999957e+01,
1.839000000000000057e+01,
1.855000000000000071e+01,
1.858999999999999986e+01,
1.875000000000000000e+01,
1.894999999999999929e+01,
1.889999999999999858e+01,
1.885999999999999943e+01,
1.898000000000000043e+01,
1.908999999999999986e+01,
1.875000000000000000e+01,
1.792000000000000171e+01,
1.828999999999999915e+01,
1.875000000000000000e+01,
1.919999999999999929e+01,
1.942999999999999972e+01,
1.944999999999999929e+01,
2.235999999999999943e+01,
2.219000000000000128e+01,
1.944000000000000128e+01,
1.955000000000000071e+01,
1.955999999999999872e+01,
1.953999999999999915e+01,
1.957999999999999829e+01,
1.980999999999999872e+01,
1.982000000000000028e+01,
1.985999999999999943e+01,
2.262000000000000099e+01,
2.225000000000000000e+01,
2.003000000000000114e+01,
2.001000000000000156e+01,
2.169999999999999929e+01,
1.987999999999999901e+01,
1.973999999999999844e+01,
1.969999999999999929e+01,
1.966000000000000014e+01,
1.962000000000000099e+01,
1.951999999999999957e+01,
1.930999999999999872e+01,
1.912999999999999901e+01,
1.912999999999999901e+01,
8.380000000000000782e+00,
7.870000000000000107e+00,
8.449999999999999289e+00,
8.859999999999999432e+00,
8.810000000000000497e+00,
8.570000000000000284e+00,
8.609999999999999432e+00,
8.439999999999999503e+00,
8.310000000000000497e+00,
8.419999999999999929e+00,
8.320000000000000284e+00,
8.259999999999999787e+00,
8.210000000000000853e+00,
8.189999999999999503e+00,
8.279999999999999361e+00,
8.509999999999999787e+00,
8.869999999999999218e+00,
9.060000000000000497e+00,
9.150000000000000355e+00,
8.800000000000000711e+00,
8.960000000000000853e+00,
9.189999999999999503e+00,
9.419999999999999929e+00,
9.660000000000000142e+00,
9.919999999999999929e+00,
1.016999999999999993e+01,
1.044999999999999929e+01,
1.098000000000000043e+01,
1.094999999999999929e+01,
1.085999999999999943e+01,
1.088000000000000078e+01,
1.084999999999999964e+01,
1.081000000000000050e+01,
1.040000000000000036e+01,
1.068999999999999950e+01,
1.139000000000000057e+01,
1.164000000000000057e+01,
1.184999999999999964e+01,
1.208999999999999986e+01,
1.228999999999999915e+01,
1.281000000000000050e+01,
1.180000000000000071e+01,
1.251999999999999957e+01,
1.148000000000000043e+01,
1.243999999999999950e+01,
1.278999999999999915e+01,
1.252999999999999936e+01,
1.277999999999999936e+01,
1.292999999999999972e+01,
1.298000000000000043e+01,
1.309999999999999964e+01,
1.309999999999999964e+01,
1.305000000000000071e+01,
1.308999999999999986e+01,
1.340000000000000036e+01,
1.331000000000000050e+01,
1.378999999999999915e+01,
1.411999999999999922e+01,
1.482000000000000028e+01,
1.461999999999999922e+01,
1.485999999999999943e+01,
1.610999999999999943e+01,
1.531000000000000050e+01,
1.589000000000000057e+01,
1.507000000000000028e+01,
1.658999999999999986e+01,
1.694000000000000128e+01,
1.628000000000000114e+01,
1.641000000000000014e+01,
1.637999999999999901e+01,
1.639000000000000057e+01,
1.671000000000000085e+01,
1.707999999999999829e+01,
1.746999999999999886e+01,
1.655999999999999872e+01,
1.828999999999999915e+01,
1.732000000000000028e+01,
1.789000000000000057e+01,
1.832000000000000028e+01,
1.885000000000000142e+01,
1.880999999999999872e+01,
2.046000000000000085e+01,
2.046999999999999886e+01,
1.966000000000000014e+01,
1.869999999999999929e+01,
1.957000000000000028e+01,
1.885000000000000142e+01,
1.883999999999999986e+01,
1.885999999999999943e+01,
1.900000000000000000e+01,
1.901000000000000156e+01,
1.894999999999999929e+01,
1.889999999999999858e+01,
1.891000000000000014e+01,
1.882999999999999829e+01,
1.885999999999999943e+01,
1.900000000000000000e+01,
1.914999999999999858e+01,
1.939999999999999858e+01,
2.312000000000000099e+01,
2.314000000000000057e+01,
8.380000000000000782e+00,
7.870000000000000107e+00,
8.449999999999999289e+00,
8.859999999999999432e+00,
8.810000000000000497e+00,
8.570000000000000284e+00,
8.609999999999999432e+00,
8.439999999999999503e+00,
8.310000000000000497e+00,
8.419999999999999929e+00,
8.320000000000000284e+00,
8.259999999999999787e+00,
8.210000000000000853e+00,
8.189999999999999503e+00,
8.279999999999999361e+00,
8.509999999999999787e+00,
8.869999999999999218e+00,
9.060000000000000497e+00,
9.150000000000000355e+00,
8.800000000000000711e+00,
8.960000000000000853e+00,
9.189999999999999503e+00,
9.419999999999999929e+00,
9.660000000000000142e+00,
9.919999999999999929e+00,
1.016999999999999993e+01,
1.044999999999999929e+01,
1.098000000000000043e+01,
1.094999999999999929e+01,
1.085999999999999943e+01,
1.088000000000000078e+01,
1.084999999999999964e+01,
1.081000000000000050e+01,
1.040000000000000036e+01,
1.068999999999999950e+01,
1.139000000000000057e+01,
1.164000000000000057e+01,
1.184999999999999964e+01,
1.208999999999999986e+01,
1.228999999999999915e+01,
1.281000000000000050e+01,
1.180000000000000071e+01,
1.251999999999999957e+01,
1.148000000000000043e+01,
1.243999999999999950e+01,
1.278999999999999915e+01,
1.252999999999999936e+01,
1.277999999999999936e+01,
1.292999999999999972e+01,
1.298000000000000043e+01,
1.309999999999999964e+01,
1.309999999999999964e+01,
1.305000000000000071e+01,
1.308999999999999986e+01,
1.340000000000000036e+01,
1.331000000000000050e+01,
1.378999999999999915e+01,
1.411999999999999922e+01,
1.482000000000000028e+01,
1.461999999999999922e+01,
1.485999999999999943e+01,
1.610999999999999943e+01,
1.531000000000000050e+01,
1.589000000000000057e+01,
1.507000000000000028e+01,
1.658999999999999986e+01,
1.694000000000000128e+01,
1.628000000000000114e+01,
1.641000000000000014e+01,
1.637999999999999901e+01,
1.639000000000000057e+01,
1.671000000000000085e+01,
1.707999999999999829e+01,
1.746999999999999886e+01,
1.655999999999999872e+01,
1.828999999999999915e+01,
1.732000000000000028e+01,
1.789000000000000057e+01,
1.832000000000000028e+01,
1.885000000000000142e+01,
1.880999999999999872e+01,
2.046000000000000085e+01,
2.046999999999999886e+01,
1.966000000000000014e+01,
1.869999999999999929e+01,
1.957000000000000028e+01,
1.885000000000000142e+01,
1.883999999999999986e+01,
1.885999999999999943e+01,
1.900000000000000000e+01,
1.901000000000000156e+01,
1.894999999999999929e+01,
1.889999999999999858e+01,
1.891000000000000014e+01,
1.882999999999999829e+01,
1.885999999999999943e+01,
1.900000000000000000e+01,
1.914999999999999858e+01,
1.939999999999999858e+01,
2.312000000000000099e+01,
2.314000000000000057e+01,
2.292000000000000171e+01,
2.269000000000000128e+01,
2.221999999999999886e+01,
2.212000000000000099e+01,
2.178000000000000114e+01,
2.101000000000000156e+01,
2.060000000000000142e+01,
1.837000000000000099e+01,
1.800000000000000000e+01,
1.812999999999999901e+01,
1.839999999999999858e+01,
1.851999999999999957e+01,
1.869000000000000128e+01,
2.121999999999999886e+01,
1.837000000000000099e+01,
2.101999999999999957e+01,
1.844000000000000128e+01,
2.092999999999999972e+01,
1.851999999999999957e+01,
2.082999999999999829e+01,
1.853999999999999915e+01,
1.862999999999999901e+01,
1.871999999999999886e+01,
1.826999999999999957e+01,
1.798000000000000043e+01,
1.823000000000000043e+01,
1.992999999999999972e+01,
1.860000000000000142e+01,
1.883999999999999986e+01,
1.898999999999999844e+01,
1.914000000000000057e+01,
2.162999999999999901e+01,
2.142000000000000171e+01,
1.921000000000000085e+01,
1.925000000000000000e+01,
2.160999999999999943e+01,
2.162999999999999901e+01,
1.933999999999999986e+01,
1.939999999999999858e+01,
2.223999999999999844e+01,
2.194999999999999929e+01,
2.141000000000000014e+01,
2.114000000000000057e+01,
2.103999999999999915e+01,
2.105000000000000071e+01,
1.935000000000000142e+01,
1.930999999999999872e+01,
2.089000000000000057e+01,
2.071999999999999886e+01,
1.928000000000000114e+01,
1.923000000000000043e+01,
1.908999999999999986e+01,
1.894999999999999929e+01,
8.380000000000000782e+00,
7.870000000000000107e+00,
8.449999999999999289e+00,
8.589999999999999858e+00,
8.630000000000000782e+00,
8.619999999999999218e+00,
8.619999999999999218e+00,
8.539999999999999147e+00,
8.380000000000000782e+00,
8.240000000000000213e+00,
8.130000000000000782e+00,
8.089999999999999858e+00,
8.310000000000000497e+00,
8.029999999999999361e+00,
8.390000000000000568e+00,
8.320000000000000284e+00,
9.009999999999999787e+00,
8.750000000000000000e+00,
8.900000000000000355e+00,
9.039999999999999147e+00,
9.179999999999999716e+00,
9.300000000000000711e+00,
9.480000000000000426e+00,
9.689999999999999503e+00,
9.929999999999999716e+00,
1.016999999999999993e+01,
1.040000000000000036e+01,
1.065000000000000036e+01,
1.110999999999999943e+01,
1.097000000000000064e+01,
1.094999999999999929e+01,
1.090000000000000036e+01,
1.083999999999999986e+01,
1.043999999999999950e+01,
1.069999999999999929e+01,
1.141999999999999993e+01,
1.218999999999999950e+01,
1.225999999999999979e+01,
1.176999999999999957e+01,
1.203999999999999915e+01,
1.200999999999999979e+01,
1.189000000000000057e+01,
1.183000000000000007e+01,
1.166999999999999993e+01,
1.175999999999999979e+01,
1.255000000000000071e+01,
1.283999999999999986e+01,
1.360999999999999943e+01,
1.297000000000000064e+01,
1.342999999999999972e+01,
1.301999999999999957e+01,
1.350000000000000000e+01,
1.243999999999999950e+01,
1.358999999999999986e+01,
1.291999999999999993e+01,
1.353999999999999915e+01,
1.383999999999999986e+01,
1.409999999999999964e+01,
1.444999999999999929e+01,
1.475000000000000000e+01,
1.597000000000000064e+01,
1.591000000000000014e+01,
1.578999999999999915e+01,
1.463000000000000078e+01,
1.522000000000000064e+01,
1.658999999999999986e+01,
1.621999999999999886e+01,
1.578999999999999915e+01,
1.748999999999999844e+01,
1.646000000000000085e+01,
1.719000000000000128e+01,
1.664999999999999858e+01,
1.803999999999999915e+01,
1.733999999999999986e+01,
1.757000000000000028e+01,
1.792000000000000171e+01,
1.848000000000000043e+01,
2.012999999999999901e+01,
2.014999999999999858e+01,
1.837000000000000099e+01,
1.692999999999999972e+01,
1.883999999999999986e+01,
1.785000000000000142e+01,
1.832999999999999829e+01,
1.862999999999999901e+01,
1.880000000000000071e+01,
1.882999999999999829e+01,
1.889999999999999858e+01,
1.887999999999999901e+01,
1.903999999999999915e+01,
1.903999999999999915e+01,
1.898000000000000043e+01,
1.885999999999999943e+01,
1.894999999999999929e+01,
1.887000000000000099e+01,
1.889000000000000057e+01,
1.903999999999999915e+01,
1.919999999999999929e+01,
1.944999999999999929e+01,
2.098999999999999844e+01,
2.319000000000000128e+01,
2.305999999999999872e+01,
2.101000000000000156e+01,
2.246000000000000085e+01,
2.010000000000000142e+01,
2.214000000000000057e+01,
1.973999999999999844e+01,
1.980999999999999872e+01,
2.144999999999999929e+01,
1.787999999999999901e+01,
2.160999999999999943e+01,
2.148000000000000043e+01,
1.798999999999999844e+01,
2.075000000000000000e+01,
1.808999999999999986e+01,
2.087999999999999901e+01,
1.816000000000000014e+01,
2.066000000000000014e+01,
1.832999999999999829e+01,
2.066000000000000014e+01,
1.842000000000000171e+01,
2.066000000000000014e+01,
1.853999999999999915e+01,
2.017999999999999972e+01,
1.832999999999999829e+01,
2.078000000000000114e+01,
1.798000000000000043e+01,
2.105999999999999872e+01,
2.107999999999999829e+01,
2.094999999999999929e+01,
2.096000000000000085e+01,
2.094000000000000128e+01,
2.078999999999999915e+01,
2.062000000000000099e+01,
2.057000000000000028e+01,
2.067000000000000171e+01,
2.067000000000000171e+01,
2.082999999999999829e+01,
2.103999999999999915e+01,
2.108999999999999986e+01,
2.132000000000000028e+01,
2.130999999999999872e+01,
1.805000000000000071e+01,
1.828000000000000114e+01,
2.091000000000000014e+01,
1.851999999999999957e+01,
1.871999999999999886e+01,
1.889000000000000057e+01,
1.898000000000000043e+01,
1.907000000000000028e+01,
1.912000000000000099e+01,
1.901999999999999957e+01,
2.076000000000000156e+01,
1.878000000000000114e+01,
8.380000000000000782e+00,
7.870000000000000107e+00,
8.449999999999999289e+00,
8.589999999999999858e+00,
8.630000000000000782e+00,
8.619999999999999218e+00,
8.619999999999999218e+00,
8.539999999999999147e+00,
8.380000000000000782e+00,
8.240000000000000213e+00,
8.130000000000000782e+00,
8.089999999999999858e+00,
8.310000000000000497e+00,
8.279999999999999361e+00,
8.359999999999999432e+00,
8.589999999999999858e+00,
8.949999999999999289e+00,
9.099999999999999645e+00,
8.759999999999999787e+00,
8.919999999999999929e+00,
9.099999999999999645e+00,
9.269999999999999574e+00,
9.460000000000000853e+00,
9.679999999999999716e+00,
9.929999999999999716e+00,
1.016999999999999993e+01,
1.044999999999999929e+01,
1.064000000000000057e+01,
1.074000000000000021e+01,
1.147000000000000064e+01,
1.139000000000000057e+01,
1.034999999999999964e+01,
1.036999999999999922e+01,
1.100999999999999979e+01,
1.119999999999999929e+01,
1.085999999999999943e+01,
1.165000000000000036e+01,
1.236999999999999922e+01,
1.247000000000000064e+01,
1.191999999999999993e+01,
1.228999999999999915e+01,
1.183000000000000007e+01,
1.173000000000000043e+01,
1.161999999999999922e+01,
1.175000000000000000e+01,
1.208999999999999986e+01,
1.239000000000000057e+01,
1.311999999999999922e+01,
1.285999999999999943e+01,
1.331000000000000050e+01,
1.292999999999999972e+01,
1.290000000000000036e+01,
1.276999999999999957e+01,
1.281000000000000050e+01,
1.310999999999999943e+01,
1.350000000000000000e+01,
1.393999999999999950e+01,
1.421000000000000085e+01,
1.450000000000000000e+01,
1.478999999999999915e+01,
1.496000000000000085e+01,
1.637999999999999901e+01,
1.549000000000000021e+01,
1.605000000000000071e+01,
1.621999999999999886e+01,
1.655999999999999872e+01,
1.566999999999999993e+01,
1.583000000000000007e+01,
1.750000000000000000e+01,
1.644000000000000128e+01,
1.637999999999999901e+01,
1.669999999999999929e+01,
1.710000000000000142e+01,
1.748999999999999844e+01,
1.694999999999999929e+01,
1.825000000000000000e+01,
2.003999999999999915e+01,
1.773000000000000043e+01,
1.889000000000000057e+01,
1.921000000000000085e+01,
1.837999999999999901e+01,
1.858999999999999986e+01,
1.801999999999999957e+01,
1.860000000000000142e+01,
1.882999999999999829e+01,
1.896000000000000085e+01,
1.901000000000000156e+01,
1.894000000000000128e+01,
1.894999999999999929e+01,
1.908999999999999986e+01,
1.910999999999999943e+01,
1.901999999999999957e+01,
1.885999999999999943e+01,
1.894999999999999929e+01,
1.887000000000000099e+01,
1.889000000000000057e+01,
1.905000000000000071e+01,
1.921999999999999886e+01,
1.946999999999999886e+01,
1.976000000000000156e+01,
2.123000000000000043e+01,
2.042999999999999972e+01,
2.032999999999999829e+01,
2.060000000000000142e+01,
2.060000000000000142e+01,
2.037000000000000099e+01,
1.994999999999999929e+01,
1.866000000000000014e+01,
1.830000000000000071e+01,
1.828000000000000114e+01,
2.267000000000000171e+01,
1.855000000000000071e+01,
2.192000000000000171e+01,
1.833999999999999986e+01,
2.182999999999999829e+01,
1.825000000000000000e+01,
2.150000000000000000e+01,
2.125000000000000000e+01,
2.103999999999999915e+01,
2.082000000000000028e+01,
2.062999999999999901e+01,
2.042000000000000171e+01,
2.021000000000000085e+01,
1.985000000000000142e+01,
1.978000000000000114e+01,
2.017000000000000171e+01,
2.041000000000000014e+01,
1.798999999999999844e+01,
1.808999999999999986e+01,
2.092000000000000171e+01,
2.108999999999999986e+01,
2.108999999999999986e+01,
2.094000000000000128e+01,
2.071999999999999886e+01,
2.064000000000000057e+01,
2.071999999999999886e+01,
2.071999999999999886e+01,
2.087000000000000099e+01,
2.105000000000000071e+01,
2.110000000000000142e+01,
2.132000000000000028e+01,
2.128999999999999915e+01,
2.096000000000000085e+01,
2.073000000000000043e+01,
2.067000000000000171e+01,
2.062999999999999901e+01,
2.053999999999999915e+01,
2.046999999999999886e+01,
2.035999999999999943e+01,
2.023999999999999844e+01,
2.005999999999999872e+01,
1.978000000000000114e+01,
1.976000000000000156e+01,
1.982000000000000028e+01,
8.380000000000000782e+00,
7.870000000000000107e+00,
8.449999999999999289e+00,
8.589999999999999858e+00,
8.630000000000000782e+00,
8.669999999999999929e+00,
8.689999999999999503e+00,
8.630000000000000782e+00,
8.509999999999999787e+00,
8.410000000000000142e+00,
8.320000000000000284e+00,
8.259999999999999787e+00,
8.210000000000000853e+00,
8.189999999999999503e+00,
8.269999999999999574e+00,
8.509999999999999787e+00,
8.869999999999999218e+00,
9.070000000000000284e+00,
9.160000000000000142e+00,
8.800000000000000711e+00,
8.970000000000000639e+00,
9.189999999999999503e+00,
9.429999999999999716e+00,
9.660000000000000142e+00,
9.919999999999999929e+00,
1.016999999999999993e+01,
1.044999999999999929e+01,
1.065000000000000036e+01,
1.073000000000000043e+01,
1.144999999999999929e+01,
1.136999999999999922e+01,
1.033999999999999986e+01,
1.035999999999999943e+01,
1.100000000000000000e+01,
1.118999999999999950e+01,
1.086999999999999922e+01,
1.165000000000000036e+01,
1.235999999999999943e+01,
1.247000000000000064e+01,
1.191999999999999993e+01,
1.202999999999999936e+01,
1.193999999999999950e+01,
1.176999999999999957e+01,
1.163000000000000078e+01,
1.175000000000000000e+01,
1.208999999999999986e+01,
1.241000000000000014e+01,
1.314000000000000057e+01,
1.285999999999999943e+01,
1.333000000000000007e+01,
1.291999999999999993e+01,
1.289000000000000057e+01,
1.276999999999999957e+01,
1.281000000000000050e+01,
1.310999999999999943e+01,
1.350000000000000000e+01,
1.392999999999999972e+01,
1.421000000000000085e+01,
1.450000000000000000e+01,
1.476999999999999957e+01,
1.496000000000000085e+01,
1.639000000000000057e+01,
1.550000000000000000e+01,
1.489000000000000057e+01,
1.644000000000000128e+01,
1.678000000000000114e+01,
1.581000000000000050e+01,
1.597000000000000064e+01,
1.671999999999999886e+01,
1.667000000000000171e+01,
1.585999999999999943e+01,
1.616000000000000014e+01,
1.662999999999999901e+01,
1.787999999999999901e+01,
1.826000000000000156e+01,
1.760000000000000142e+01,
1.796999999999999886e+01,
1.846999999999999886e+01,
1.821000000000000085e+01,
1.891000000000000014e+01,
1.887999999999999901e+01,
1.880999999999999872e+01,
1.889999999999999858e+01,
1.905999999999999872e+01,
1.916000000000000014e+01,
1.917000000000000171e+01,
1.905000000000000071e+01,
1.901999999999999957e+01,
1.907000000000000028e+01,
1.921000000000000085e+01,
1.914000000000000057e+01,
1.898000000000000043e+01,
1.892000000000000171e+01,
1.887999999999999901e+01,
1.889999999999999858e+01,
1.889999999999999858e+01,
1.905000000000000071e+01,
1.933999999999999986e+01,
1.973999999999999844e+01,
2.107000000000000028e+01,
2.116000000000000014e+01,
2.021000000000000085e+01,
2.067999999999999972e+01,
2.037000000000000099e+01,
2.055000000000000071e+01,
2.035000000000000142e+01,
1.996000000000000085e+01,
1.867999999999999972e+01,
1.828999999999999915e+01,
1.898999999999999844e+01,
1.917000000000000171e+01,
1.914999999999999858e+01,
1.901000000000000156e+01,
1.857999999999999829e+01,
1.857000000000000028e+01,
1.898000000000000043e+01,
1.867999999999999972e+01,
1.883999999999999986e+01,
1.908999999999999986e+01,
1.907999999999999829e+01,
1.889999999999999858e+01,
1.937999999999999901e+01,
1.910000000000000142e+01,
1.871000000000000085e+01,
1.805000000000000071e+01,
1.880000000000000071e+01,
1.921000000000000085e+01,
1.891000000000000014e+01,
1.985000000000000142e+01,
1.975000000000000000e+01,
1.953999999999999915e+01,
1.957999999999999829e+01,
1.987999999999999901e+01,
1.980000000000000071e+01,
1.964999999999999858e+01,
1.996000000000000085e+01,
1.996000000000000085e+01,
2.003000000000000114e+01,
2.012999999999999901e+01,
2.017999999999999972e+01,
1.980999999999999872e+01,
2.014000000000000057e+01,
2.037000000000000099e+01,
2.053999999999999915e+01,
2.010999999999999943e+01,
2.007000000000000028e+01,
1.982999999999999829e+01,
1.998000000000000043e+01,
1.973000000000000043e+01,
1.987000000000000099e+01,
1.969000000000000128e+01,
1.930999999999999872e+01,
1.923000000000000043e+01,
1.946999999999999886e+01,
8.380000000000000782e+00,
7.870000000000000107e+00,
8.449999999999999289e+00,
8.589999999999999858e+00,
8.630000000000000782e+00,
8.669999999999999929e+00,
8.689999999999999503e+00,
8.630000000000000782e+00,
8.509999999999999787e+00,
8.410000000000000142e+00,
8.320000000000000284e+00,
8.259999999999999787e+00,
8.210000000000000853e+00,
8.189999999999999503e+00,
8.269999999999999574e+00,
8.509999999999999787e+00,
8.869999999999999218e+00,
9.070000000000000284e+00,
9.160000000000000142e+00,
8.800000000000000711e+00,
8.970000000000000639e+00,
9.189999999999999503e+00,
9.429999999999999716e+00,
9.660000000000000142e+00,
9.919999999999999929e+00,
1.016999999999999993e+01,
1.044999999999999929e+01,
1.065000000000000036e+01,
1.073000000000000043e+01,
1.144999999999999929e+01,
1.136999999999999922e+01,
1.033999999999999986e+01,
1.035999999999999943e+01,
1.100000000000000000e+01,
1.118999999999999950e+01,
1.086999999999999922e+01,
1.165000000000000036e+01,
1.235999999999999943e+01,
1.247000000000000064e+01,
1.191999999999999993e+01,
1.202999999999999936e+01,
1.193999999999999950e+01,
1.176999999999999957e+01,
1.163000000000000078e+01,
1.175000000000000000e+01,
1.208999999999999986e+01,
1.241000000000000014e+01,
1.314000000000000057e+01,
1.285999999999999943e+01,
1.333000000000000007e+01,
1.291999999999999993e+01,
1.289000000000000057e+01,
1.276999999999999957e+01,
1.281000000000000050e+01,
1.310999999999999943e+01,
1.350000000000000000e+01,
1.392999999999999972e+01,
1.421000000000000085e+01,
1.450000000000000000e+01,
1.476999999999999957e+01,
1.496000000000000085e+01,
1.639000000000000057e+01,
1.550000000000000000e+01,
1.489000000000000057e+01,
1.644000000000000128e+01,
1.678000000000000114e+01,
1.581000000000000050e+01,
1.597000000000000064e+01,
1.671999999999999886e+01,
1.667000000000000171e+01,
1.585999999999999943e+01,
1.616000000000000014e+01,
1.662999999999999901e+01,
1.787999999999999901e+01,
1.826000000000000156e+01,
1.760000000000000142e+01,
1.796999999999999886e+01,
1.846999999999999886e+01,
1.821000000000000085e+01,
1.891000000000000014e+01,
1.887999999999999901e+01,
1.880999999999999872e+01,
1.889999999999999858e+01,
1.905999999999999872e+01,
1.916000000000000014e+01,
1.917000000000000171e+01,
1.905000000000000071e+01,
1.901999999999999957e+01,
1.907000000000000028e+01,
1.921000000000000085e+01,
1.914000000000000057e+01,
1.898000000000000043e+01,
1.892000000000000171e+01,
1.887999999999999901e+01,
1.889999999999999858e+01,
1.889999999999999858e+01,
1.905000000000000071e+01,
1.933999999999999986e+01,
1.973999999999999844e+01,
1.991000000000000014e+01,
1.989999999999999858e+01,
2.062000000000000099e+01,
2.042999999999999972e+01,
2.080999999999999872e+01,
2.066000000000000014e+01,
2.041000000000000014e+01,
1.994999999999999929e+01,
1.857000000000000028e+01,
1.817999999999999972e+01,
1.835999999999999943e+01,
1.851000000000000156e+01,
1.933999999999999986e+01,
1.869000000000000128e+01,
1.892000000000000171e+01,
1.853000000000000114e+01,
1.871999999999999886e+01,
1.885999999999999943e+01,
1.871999999999999886e+01,
1.907000000000000028e+01,
1.896999999999999886e+01,
1.894999999999999929e+01,
1.912000000000000099e+01,
1.908999999999999986e+01,
1.880000000000000071e+01,
1.785000000000000142e+01,
1.896000000000000085e+01,
1.871000000000000085e+01,
1.982999999999999829e+01,
1.987999999999999901e+01,
2.264000000000000057e+01,
1.953999999999999915e+01,
1.928999999999999915e+01,
1.971999999999999886e+01,
1.973999999999999844e+01,
1.948999999999999844e+01,
1.962999999999999901e+01,
1.987999999999999901e+01,
1.996999999999999886e+01,
1.982999999999999829e+01,
1.994999999999999929e+01,
2.287999999999999901e+01,
2.017000000000000171e+01,
2.051000000000000156e+01,
2.021000000000000085e+01,
2.012999999999999901e+01,
1.996000000000000085e+01,
2.228000000000000114e+01,
2.203000000000000114e+01,
1.975000000000000000e+01,
1.958999999999999986e+01,
1.955999999999999872e+01,
1.948999999999999844e+01,
1.912000000000000099e+01,
1.912000000000000099e+01,
8.380000000000000782e+00,
7.870000000000000107e+00,
8.449999999999999289e+00,
8.589999999999999858e+00,
8.630000000000000782e+00,
8.669999999999999929e+00,
8.689999999999999503e+00,
8.630000000000000782e+00,
8.509999999999999787e+00,
8.410000000000000142e+00,
8.320000000000000284e+00,
8.259999999999999787e+00,
8.210000000000000853e+00,
8.189999999999999503e+00,
8.269999999999999574e+00,
8.509999999999999787e+00,
8.869999999999999218e+00,
9.070000000000000284e+00,
9.160000000000000142e+00,
8.800000000000000711e+00,
8.970000000000000639e+00,
9.189999999999999503e+00,
9.429999999999999716e+00,
9.660000000000000142e+00,
9.919999999999999929e+00,
1.016999999999999993e+01,
1.044999999999999929e+01,
1.065000000000000036e+01,
1.073000000000000043e+01,
1.100999999999999979e+01,
1.142999999999999972e+01,
1.083999999999999986e+01,
1.033000000000000007e+01,
1.048000000000000043e+01,
1.123000000000000043e+01,
1.135999999999999943e+01,
1.160999999999999943e+01,
1.151999999999999957e+01,
1.258000000000000007e+01,
1.205000000000000071e+01,
1.284999999999999964e+01,
1.183999999999999986e+01,
1.252999999999999936e+01,
1.152999999999999936e+01,
1.246000000000000085e+01,
1.184999999999999964e+01,
1.267999999999999972e+01,
1.260999999999999943e+01,
1.290000000000000036e+01,
1.291999999999999993e+01,
1.297000000000000064e+01,
1.291000000000000014e+01,
1.275999999999999979e+01,
1.282000000000000028e+01,
1.311999999999999922e+01,
1.351999999999999957e+01,
1.392999999999999972e+01,
1.418999999999999950e+01,
1.450000000000000000e+01,
1.475000000000000000e+01,
1.491999999999999993e+01,
1.635000000000000142e+01,
1.489000000000000057e+01,
1.499000000000000021e+01,
1.646999999999999886e+01,
1.683999999999999986e+01,
1.577999999999999936e+01,
1.600000000000000000e+01,
1.612000000000000099e+01,
1.682000000000000028e+01,
1.673000000000000043e+01,
1.608999999999999986e+01,
1.653999999999999915e+01,
1.785999999999999943e+01,
1.826000000000000156e+01,
1.758999999999999986e+01,
1.796999999999999886e+01,
1.846999999999999886e+01,
1.935999999999999943e+01,
1.953000000000000114e+01,
1.869999999999999929e+01,
1.876000000000000156e+01,
1.885000000000000142e+01,
1.894000000000000128e+01,
1.901999999999999957e+01,
1.860000000000000142e+01,
1.878999999999999915e+01,
1.889000000000000057e+01,
1.889000000000000057e+01,
1.912999999999999901e+01,
1.912000000000000099e+01,
1.894000000000000128e+01,
1.896999999999999886e+01,
1.898000000000000043e+01,
1.887999999999999901e+01,
1.889000000000000057e+01,
1.907000000000000028e+01,
1.925000000000000000e+01,
1.950000000000000000e+01,
1.985999999999999943e+01,
2.012999999999999901e+01,
2.044000000000000128e+01,
2.048999999999999844e+01,
2.132000000000000028e+01,
2.298000000000000043e+01,
2.037999999999999901e+01,
1.996999999999999886e+01,
1.875000000000000000e+01,
1.814999999999999858e+01,
1.830000000000000071e+01,
1.867000000000000171e+01,
1.914000000000000057e+01,
1.883999999999999986e+01,
1.875000000000000000e+01,
1.842000000000000171e+01,
1.875000000000000000e+01,
1.878999999999999915e+01,
1.891000000000000014e+01,
1.905000000000000071e+01,
1.898999999999999844e+01,
1.896000000000000085e+01,
1.912999999999999901e+01,
1.919999999999999929e+01,
1.864999999999999858e+01,
1.798999999999999844e+01,
2.016000000000000014e+01,
1.857000000000000028e+01,
1.921000000000000085e+01,
1.946000000000000085e+01,
1.948000000000000043e+01,
1.946999999999999886e+01,
1.958999999999999986e+01,
1.973000000000000043e+01,
1.975000000000000000e+01,
1.971999999999999886e+01,
1.976000000000000156e+01,
1.985999999999999943e+01,
1.996999999999999886e+01,
2.007999999999999829e+01,
2.010000000000000142e+01,
2.023000000000000043e+01,
2.037999999999999901e+01,
2.050000000000000000e+01,
2.037000000000000099e+01,
2.032999999999999829e+01,
1.992999999999999972e+01,
1.989000000000000057e+01,
1.987999999999999901e+01,
1.983999999999999986e+01,
1.980000000000000071e+01,
1.964000000000000057e+01,
1.939000000000000057e+01,
1.930000000000000071e+01,
1.935000000000000142e+01,
8.380000000000000782e+00,
7.870000000000000107e+00,
8.449999999999999289e+00,
8.589999999999999858e+00,
8.630000000000000782e+00,
8.669999999999999929e+00,
8.689999999999999503e+00,
8.630000000000000782e+00,
8.509999999999999787e+00,
8.410000000000000142e+00,
8.320000000000000284e+00,
8.259999999999999787e+00,
8.210000000000000853e+00,
8.189999999999999503e+00,
8.269999999999999574e+00,
8.509999999999999787e+00,
8.869999999999999218e+00,
9.070000000000000284e+00,
9.160000000000000142e+00,
8.800000000000000711e+00,
8.970000000000000639e+00,
9.189999999999999503e+00,
9.429999999999999716e+00,
9.660000000000000142e+00,
9.919999999999999929e+00,
1.016999999999999993e+01,
1.044999999999999929e+01,
1.065000000000000036e+01,
1.073000000000000043e+01,
1.100999999999999979e+01,
1.098000000000000043e+01,
1.091000000000000014e+01,
1.084999999999999964e+01,
1.044999999999999929e+01,
1.069999999999999929e+01,
1.142999999999999972e+01,
1.126999999999999957e+01,
1.165000000000000036e+01,
1.200999999999999979e+01,
1.218999999999999950e+01,
1.221000000000000085e+01,
1.213000000000000078e+01,
1.231000000000000050e+01,
1.209999999999999964e+01,
1.167999999999999972e+01,
1.252999999999999936e+01,
1.223000000000000043e+01,
1.273000000000000043e+01,
1.331000000000000050e+01,
1.290000000000000036e+01,
1.297000000000000064e+01,
1.291999999999999993e+01,
1.277999999999999936e+01,
1.281000000000000050e+01,
1.309999999999999964e+01,
1.350000000000000000e+01,
1.392999999999999972e+01,
1.418999999999999950e+01,
1.449000000000000021e+01,
1.475999999999999979e+01,
1.492999999999999972e+01,
1.642000000000000171e+01,
1.621999999999999886e+01,
1.481000000000000050e+01,
1.519999999999999929e+01,
1.685000000000000142e+01,
1.583000000000000007e+01,
1.744000000000000128e+01,
1.583999999999999986e+01,
1.746999999999999886e+01,
1.648999999999999844e+01,
1.753999999999999915e+01,
1.612000000000000099e+01,
1.871000000000000085e+01,
1.767999999999999972e+01,
1.703000000000000114e+01,
1.755999999999999872e+01,
2.026999999999999957e+01,
1.792000000000000171e+01,
1.826000000000000156e+01,
1.930000000000000071e+01,
1.858999999999999986e+01,
1.873000000000000043e+01,
1.967000000000000171e+01,
1.962000000000000099e+01,
1.887000000000000099e+01,
1.887000000000000099e+01,
1.885999999999999943e+01,
1.887999999999999901e+01,
1.898000000000000043e+01,
1.858999999999999986e+01,
1.878000000000000114e+01,
1.882000000000000028e+01,
1.887000000000000099e+01,
1.882000000000000028e+01,
1.885000000000000142e+01,
1.901000000000000156e+01,
1.917000000000000171e+01,
1.942999999999999972e+01,
1.971999999999999886e+01,
2.008999999999999986e+01,
2.057999999999999829e+01,
2.317999999999999972e+01,
2.282000000000000028e+01,
2.042000000000000171e+01,
2.032999999999999829e+01,
1.989000000000000057e+01,
1.894999999999999929e+01,
1.817999999999999972e+01,
1.826999999999999957e+01,
1.837000000000000099e+01,
2.007000000000000028e+01,
1.889999999999999858e+01,
1.855999999999999872e+01,
1.853000000000000114e+01,
1.848000000000000043e+01,
2.001000000000000156e+01,
1.873000000000000043e+01,
1.887999999999999901e+01,
1.892999999999999972e+01,
2.016000000000000014e+01,
1.887999999999999901e+01,
1.898000000000000043e+01,
1.994000000000000128e+01,
1.807999999999999829e+01,
1.819000000000000128e+01,
1.887000000000000099e+01,
1.880999999999999872e+01,
1.928999999999999915e+01,
1.933999999999999986e+01,
1.980000000000000071e+01,
1.941000000000000014e+01,
1.957999999999999829e+01,
1.964999999999999858e+01,
1.964000000000000057e+01,
1.962000000000000099e+01,
1.973000000000000043e+01,
2.003999999999999915e+01,
2.008999999999999986e+01,
2.012999999999999901e+01,
2.023999999999999844e+01,
2.037000000000000099e+01,
2.046000000000000085e+01,
2.212000000000000099e+01,
2.210999999999999943e+01,
1.992999999999999972e+01,
1.971999999999999886e+01,
1.987000000000000099e+01,
1.980000000000000071e+01,
1.975000000000000000e+01,
1.962999999999999901e+01,
1.944999999999999929e+01,
1.925000000000000000e+01,
2.028999999999999915e+01,
8.380000000000000782e+00,
7.870000000000000107e+00,
8.449999999999999289e+00,
8.589999999999999858e+00,
8.630000000000000782e+00,
8.619999999999999218e+00,
8.619999999999999218e+00,
8.539999999999999147e+00,
8.380000000000000782e+00,
8.470000000000000639e+00,
8.349999999999999645e+00,
8.279999999999999361e+00,
8.220000000000000639e+00,
8.199999999999999289e+00,
8.279999999999999361e+00,
8.529999999999999361e+00,
8.890000000000000568e+00,
9.070000000000000284e+00,
8.750000000000000000e+00,
8.890000000000000568e+00,
9.080000000000000071e+00,
9.259999999999999787e+00,
9.449999999999999289e+00,
9.669999999999999929e+00,
9.919999999999999929e+00,
1.016999999999999993e+01,
1.044999999999999929e+01,
1.066000000000000014e+01,
1.074000000000000021e+01,
1.101999999999999957e+01,
1.099000000000000021e+01,
1.091000000000000014e+01,
1.084999999999999964e+01,
1.044999999999999929e+01,
1.069999999999999929e+01,
1.142999999999999972e+01,
1.127999999999999936e+01,
1.166000000000000014e+01,
1.200999999999999979e+01,
1.218999999999999950e+01,
1.221000000000000085e+01,
1.213000000000000078e+01,
1.232000000000000028e+01,
1.209999999999999964e+01,
1.167999999999999972e+01,
1.252999999999999936e+01,
1.224000000000000021e+01,
1.273000000000000043e+01,
1.331000000000000050e+01,
1.290000000000000036e+01,
1.297000000000000064e+01,
1.291999999999999993e+01,
1.277999999999999936e+01,
1.281000000000000050e+01,
1.309999999999999964e+01,
1.350000000000000000e+01,
1.392999999999999972e+01,
1.418999999999999950e+01,
1.449000000000000021e+01,
1.475999999999999979e+01,
1.492999999999999972e+01,
1.642000000000000171e+01,
1.621999999999999886e+01,
1.481000000000000050e+01,
1.519999999999999929e+01,
1.685000000000000142e+01,
1.583000000000000007e+01,
1.744000000000000128e+01,
1.583999999999999986e+01,
1.746999999999999886e+01,
1.648999999999999844e+01,
1.753999999999999915e+01,
1.612000000000000099e+01,
1.871000000000000085e+01,
1.767999999999999972e+01,
1.703000000000000114e+01,
1.755999999999999872e+01,
2.026999999999999957e+01,
1.792000000000000171e+01,
1.826000000000000156e+01,
1.858999999999999986e+01,
1.867000000000000171e+01,
1.880999999999999872e+01,
1.894999999999999929e+01,
1.901000000000000156e+01,
1.860999999999999943e+01,
1.876999999999999957e+01,
1.887999999999999901e+01,
1.894999999999999929e+01,
1.912000000000000099e+01,
1.912999999999999901e+01,
1.901999999999999957e+01,
1.896999999999999886e+01,
1.896999999999999886e+01,
1.887999999999999901e+01,
1.889999999999999858e+01,
1.907000000000000028e+01,
1.925000000000000000e+01,
1.950000000000000000e+01,
1.978999999999999915e+01,
2.126000000000000156e+01,
2.030999999999999872e+01,
2.314000000000000057e+01,
2.062999999999999901e+01,
2.275000000000000000e+01,
2.017000000000000171e+01,
2.169999999999999929e+01,
1.891000000000000014e+01,
1.975000000000000000e+01,
1.798999999999999844e+01,
2.200000000000000000e+01,
1.812000000000000099e+01,
1.839999999999999858e+01,
1.853000000000000114e+01,
1.848999999999999844e+01,
1.848999999999999844e+01,
1.875000000000000000e+01,
1.878000000000000114e+01,
1.891000000000000014e+01,
1.894000000000000128e+01,
1.889000000000000057e+01,
1.891000000000000014e+01,
1.896999999999999886e+01,
1.876999999999999957e+01,
1.810000000000000142e+01,
1.994000000000000128e+01,
1.876000000000000156e+01,
1.878999999999999915e+01,
1.919000000000000128e+01,
2.080000000000000071e+01,
2.073000000000000043e+01,
1.921000000000000085e+01,
1.941000000000000014e+01,
1.951000000000000156e+01,
1.950000000000000000e+01,
2.037999999999999901e+01,
2.035999999999999943e+01,
1.957999999999999829e+01,
1.971999999999999886e+01,
2.091000000000000014e+01,
2.107999999999999829e+01,
2.092000000000000171e+01,
2.073999999999999844e+01,
2.055999999999999872e+01,
2.058999999999999986e+01,
2.067999999999999972e+01,
2.062999999999999901e+01,
1.955999999999999872e+01,
1.957999999999999829e+01,
2.021999999999999886e+01,
2.023000000000000043e+01,
1.935999999999999943e+01,
1.917000000000000171e+01,
1.907999999999999829e+01,
8.380000000000000782e+00,
7.870000000000000107e+00,
8.449999999999999289e+00,
8.589999999999999858e+00,
8.630000000000000782e+00,
8.619999999999999218e+00,
8.619999999999999218e+00,
8.539999999999999147e+00,
8.380000000000000782e+00,
8.470000000000000639e+00,
8.349999999999999645e+00,
8.279999999999999361e+00,
8.220000000000000639e+00,
8.199999999999999289e+00,
8.279999999999999361e+00,
8.529999999999999361e+00,
8.890000000000000568e+00,
9.070000000000000284e+00,
8.750000000000000000e+00,
8.890000000000000568e+00,
9.080000000000000071e+00,
9.259999999999999787e+00,
9.449999999999999289e+00,
9.669999999999999929e+00,
9.919999999999999929e+00,
1.016999999999999993e+01,
1.044999999999999929e+01,
1.066000000000000014e+01,
1.074000000000000021e+01,
1.101999999999999957e+01,
1.099000000000000021e+01,
1.091000000000000014e+01,
1.084999999999999964e+01,
1.044999999999999929e+01,
1.069999999999999929e+01,
1.142999999999999972e+01,
1.127999999999999936e+01,
1.166000000000000014e+01,
1.200999999999999979e+01,
1.218999999999999950e+01,
1.221000000000000085e+01,
1.213000000000000078e+01,
1.189000000000000057e+01,
1.168999999999999950e+01,
1.180000000000000071e+01,
1.209999999999999964e+01,
1.238000000000000078e+01,
1.277999999999999936e+01,
1.301999999999999957e+01,
1.303999999999999915e+01,
1.301999999999999957e+01,
1.296000000000000085e+01,
1.280000000000000071e+01,
1.282000000000000028e+01,
1.309999999999999964e+01,
1.350999999999999979e+01,
1.392999999999999972e+01,
1.419999999999999929e+01,
1.450000000000000000e+01,
1.477999999999999936e+01,
1.498000000000000043e+01,
1.650000000000000000e+01,
1.555000000000000071e+01,
1.489000000000000057e+01,
1.653000000000000114e+01,
1.687000000000000099e+01,
1.577999999999999936e+01,
1.599000000000000021e+01,
1.676000000000000156e+01,
1.669999999999999929e+01,
1.588000000000000078e+01,
1.617999999999999972e+01,
1.664000000000000057e+01,
1.789999999999999858e+01,
1.828000000000000114e+01,
1.760000000000000142e+01,
1.798000000000000043e+01,
1.848999999999999844e+01,
1.955999999999999872e+01,
1.953999999999999915e+01,
1.869999999999999929e+01,
1.876999999999999957e+01,
1.885000000000000142e+01,
1.894000000000000128e+01,
1.901999999999999957e+01,
1.969000000000000128e+01,
1.975000000000000000e+01,
1.846000000000000085e+01,
1.875000000000000000e+01,
1.898000000000000043e+01,
1.896999999999999886e+01,
1.896000000000000085e+01,
1.882000000000000028e+01,
1.892000000000000171e+01,
1.885999999999999943e+01,
1.887999999999999901e+01,
1.903000000000000114e+01,
1.919999999999999929e+01,
1.944999999999999929e+01,
1.973999999999999844e+01,
2.123000000000000043e+01,
2.026000000000000156e+01,
2.035999999999999943e+01,
2.289000000000000057e+01,
2.044000000000000128e+01,
2.251000000000000156e+01,
2.001000000000000156e+01,
1.887000000000000099e+01,
1.805999999999999872e+01,
1.839000000000000057e+01,
1.858999999999999986e+01,
1.873999999999999844e+01,
1.878000000000000114e+01,
1.871000000000000085e+01,
2.010999999999999943e+01,
1.837000000000000099e+01,
1.876000000000000156e+01,
1.882000000000000028e+01,
1.878999999999999915e+01,
1.898000000000000043e+01,
2.019000000000000128e+01,
1.885000000000000142e+01,
1.905999999999999872e+01,
1.880000000000000071e+01,
1.833999999999999986e+01,
1.837000000000000099e+01,
1.908999999999999986e+01,
1.894000000000000128e+01,
1.942999999999999972e+01,
1.969999999999999929e+01,
1.948000000000000043e+01,
1.960000000000000142e+01,
1.969000000000000128e+01,
1.971000000000000085e+01,
1.964999999999999858e+01,
1.967999999999999972e+01,
1.978999999999999915e+01,
1.991000000000000014e+01,
2.001000000000000156e+01,
2.003000000000000114e+01,
2.017000000000000171e+01,
2.030000000000000071e+01,
2.042000000000000171e+01,
2.212999999999999901e+01,
2.214000000000000057e+01,
1.994999999999999929e+01,
2.098000000000000043e+01,
1.975000000000000000e+01,
1.971999999999999886e+01,
1.973999999999999844e+01,
1.962000000000000099e+01,
1.937000000000000099e+01,
1.917999999999999972e+01,
2.033999999999999986e+01,
8.380000000000000782e+00,
7.870000000000000107e+00,
8.449999999999999289e+00,
8.589999999999999858e+00,
8.630000000000000782e+00,
8.619999999999999218e+00,
8.619999999999999218e+00,
8.539999999999999147e+00,
8.380000000000000782e+00,
8.470000000000000639e+00,
8.349999999999999645e+00,
8.279999999999999361e+00,
8.220000000000000639e+00,
8.199999999999999289e+00,
8.279999999999999361e+00,
8.529999999999999361e+00,
8.890000000000000568e+00,
9.070000000000000284e+00,
8.750000000000000000e+00,
8.890000000000000568e+00,
9.080000000000000071e+00,
9.259999999999999787e+00,
9.449999999999999289e+00,
9.669999999999999929e+00,
9.919999999999999929e+00,
1.016999999999999993e+01,
1.044999999999999929e+01,
1.066000000000000014e+01,
1.074000000000000021e+01,
1.101999999999999957e+01,
1.099000000000000021e+01,
1.091000000000000014e+01,
1.084999999999999964e+01,
1.044999999999999929e+01,
1.069999999999999929e+01,
1.142999999999999972e+01,
1.127999999999999936e+01,
1.166000000000000014e+01,
1.200999999999999979e+01,
1.218999999999999950e+01,
1.221000000000000085e+01,
1.202999999999999936e+01,
1.191000000000000014e+01,
1.169999999999999929e+01,
1.181000000000000050e+01,
1.210999999999999943e+01,
1.239000000000000057e+01,
1.277999999999999936e+01,
1.301999999999999957e+01,
1.303999999999999915e+01,
1.301999999999999957e+01,
1.296000000000000085e+01,
1.280000000000000071e+01,
1.282000000000000028e+01,
1.309999999999999964e+01,
1.350999999999999979e+01,
1.392999999999999972e+01,
1.419999999999999929e+01,
1.450000000000000000e+01,
1.477999999999999936e+01,
1.498000000000000043e+01,
1.650000000000000000e+01,
1.555000000000000071e+01,
1.489000000000000057e+01,
1.653000000000000114e+01,
1.687000000000000099e+01,
1.577999999999999936e+01,
1.599000000000000021e+01,
1.676000000000000156e+01,
1.669999999999999929e+01,
1.588000000000000078e+01,
1.617999999999999972e+01,
1.664000000000000057e+01,
1.789999999999999858e+01,
1.828000000000000114e+01,
1.760000000000000142e+01,
1.798000000000000043e+01,
1.848999999999999844e+01,
1.875000000000000000e+01,
1.891000000000000014e+01,
1.892000000000000171e+01,
1.885000000000000142e+01,
1.848999999999999844e+01,
1.880999999999999872e+01,
1.903000000000000114e+01,
1.910000000000000142e+01,
1.912000000000000099e+01,
1.892999999999999972e+01,
1.901000000000000156e+01,
1.926000000000000156e+01,
1.917000000000000171e+01,
1.901999999999999957e+01,
1.896999999999999886e+01,
1.898999999999999844e+01,
1.901999999999999957e+01,
1.898000000000000043e+01,
1.892999999999999972e+01,
1.923000000000000043e+01,
1.971999999999999886e+01,
2.103999999999999915e+01,
1.992999999999999972e+01,
2.128999999999999915e+01,
2.133999999999999986e+01,
2.278000000000000114e+01,
2.267999999999999972e+01,
2.001999999999999957e+01,
1.989000000000000057e+01,
1.989999999999999858e+01,
1.801999999999999957e+01,
1.821000000000000085e+01,
1.841000000000000014e+01,
1.855000000000000071e+01,
1.901000000000000156e+01,
1.858999999999999986e+01,
1.853999999999999915e+01,
1.862000000000000099e+01,
1.875000000000000000e+01,
1.882999999999999829e+01,
1.896999999999999886e+01,
2.023000000000000043e+01,
2.008999999999999986e+01,
1.883999999999999986e+01,
1.894000000000000128e+01,
1.880999999999999872e+01,
1.830999999999999872e+01,
1.812999999999999901e+01,
2.210999999999999943e+01,
1.900000000000000000e+01,
1.885999999999999943e+01,
1.914999999999999858e+01,
2.069000000000000128e+01,
1.926000000000000156e+01,
1.944000000000000128e+01,
1.953000000000000114e+01,
1.948000000000000043e+01,
1.955999999999999872e+01,
1.971000000000000085e+01,
1.964999999999999858e+01,
1.980000000000000071e+01,
1.985999999999999943e+01,
2.126999999999999957e+01,
2.103999999999999915e+01,
2.010999999999999943e+01,
2.010000000000000142e+01,
2.087999999999999901e+01,
2.091000000000000014e+01,
2.080000000000000071e+01,
2.058999999999999986e+01,
1.964000000000000057e+01,
1.962000000000000099e+01,
1.957000000000000028e+01,
1.939999999999999858e+01,
1.921999999999999886e+01,
1.916000000000000014e+01,
8.380000000000000782e+00,
7.870000000000000107e+00,
8.449999999999999289e+00,
8.589999999999999858e+00,
8.630000000000000782e+00,
8.619999999999999218e+00,
8.619999999999999218e+00,
8.539999999999999147e+00,
8.380000000000000782e+00,
8.470000000000000639e+00,
8.349999999999999645e+00,
8.279999999999999361e+00,
8.220000000000000639e+00,
8.199999999999999289e+00,
8.279999999999999361e+00,
8.529999999999999361e+00,
8.890000000000000568e+00,
9.070000000000000284e+00,
8.750000000000000000e+00,
8.890000000000000568e+00,
9.080000000000000071e+00,
9.259999999999999787e+00,
9.449999999999999289e+00,
9.669999999999999929e+00,
9.919999999999999929e+00,
1.016999999999999993e+01,
1.044999999999999929e+01,
1.066000000000000014e+01,
1.074000000000000021e+01,
1.064000000000000057e+01,
1.060999999999999943e+01,
1.141000000000000014e+01,
1.127999999999999936e+01,
1.041999999999999993e+01,
1.066999999999999993e+01,
1.099000000000000021e+01,
1.224000000000000021e+01,
1.185999999999999943e+01,
1.176999999999999957e+01,
1.240000000000000036e+01,
1.207000000000000028e+01,
1.206000000000000050e+01,
1.184999999999999964e+01,
1.166000000000000014e+01,
1.182000000000000028e+01,
1.215000000000000036e+01,
1.241999999999999993e+01,
1.275000000000000000e+01,
1.302999999999999936e+01,
1.300000000000000000e+01,
1.300999999999999979e+01,
1.294999999999999929e+01,
1.278999999999999915e+01,
1.277999999999999936e+01,
1.307000000000000028e+01,
1.349000000000000021e+01,
1.393999999999999950e+01,
1.419999999999999929e+01,
1.448000000000000043e+01,
1.475999999999999979e+01,
1.493999999999999950e+01,
1.646999999999999886e+01,
1.625000000000000000e+01,
1.481000000000000050e+01,
1.518999999999999950e+01,
1.691000000000000014e+01,
1.584999999999999964e+01,
1.746000000000000085e+01,
1.586999999999999922e+01,
1.748000000000000043e+01,
1.650000000000000000e+01,
1.755000000000000071e+01,
1.612000000000000099e+01,
1.871999999999999886e+01,
1.769000000000000128e+01,
1.705000000000000071e+01,
1.755999999999999872e+01,
2.028000000000000114e+01,
1.792999999999999972e+01,
1.826000000000000156e+01,
1.858999999999999986e+01,
1.867000000000000171e+01,
1.880999999999999872e+01,
1.894999999999999929e+01,
1.901000000000000156e+01,
1.860000000000000142e+01,
1.876999999999999957e+01,
1.887999999999999901e+01,
1.887999999999999901e+01,
1.910999999999999943e+01,
1.912000000000000099e+01,
1.903000000000000114e+01,
1.896999999999999886e+01,
1.894000000000000128e+01,
1.885999999999999943e+01,
1.892999999999999972e+01,
1.907000000000000028e+01,
1.926000000000000156e+01,
1.948000000000000043e+01,
2.001999999999999957e+01,
1.989000000000000057e+01,
2.023000000000000043e+01,
2.089000000000000057e+01,
2.128999999999999915e+01,
2.046999999999999886e+01,
2.037000000000000099e+01,
2.000000000000000000e+01,
1.903000000000000114e+01,
1.830999999999999872e+01,
1.814999999999999858e+01,
1.857999999999999829e+01,
1.892999999999999972e+01,
1.907000000000000028e+01,
1.873000000000000043e+01,
1.866000000000000014e+01,
1.880000000000000071e+01,
1.887000000000000099e+01,
1.889999999999999858e+01,
1.905000000000000071e+01,
1.903000000000000114e+01,
1.900000000000000000e+01,
1.917999999999999972e+01,
1.917999999999999972e+01,
1.867000000000000171e+01,
1.800000000000000000e+01,
1.853000000000000114e+01,
1.901000000000000156e+01,
1.939000000000000057e+01,
1.958999999999999986e+01,
1.973999999999999844e+01,
1.953999999999999915e+01,
1.967000000000000171e+01,
1.978999999999999915e+01,
1.980999999999999872e+01,
1.978999999999999915e+01,
1.983999999999999986e+01,
1.994999999999999929e+01,
2.005000000000000071e+01,
2.035999999999999943e+01,
2.035000000000000142e+01,
2.044999999999999929e+01,
2.055999999999999872e+01,
2.062999999999999901e+01,
2.039999999999999858e+01,
2.021999999999999886e+01,
1.992999999999999972e+01,
1.975000000000000000e+01,
1.978999999999999915e+01,
1.992000000000000171e+01,
1.980999999999999872e+01,
1.966000000000000014e+01,
1.930999999999999872e+01,
1.921999999999999886e+01,
1.926999999999999957e+01,
8.380000000000000782e+00,
7.870000000000000107e+00,
8.449999999999999289e+00,
8.589999999999999858e+00,
8.630000000000000782e+00,
8.619999999999999218e+00,
8.619999999999999218e+00,
8.539999999999999147e+00,
8.380000000000000782e+00,
8.470000000000000639e+00,
8.349999999999999645e+00,
8.279999999999999361e+00,
8.220000000000000639e+00,
8.199999999999999289e+00,
8.279999999999999361e+00,
8.529999999999999361e+00,
8.890000000000000568e+00,
9.070000000000000284e+00,
8.750000000000000000e+00,
8.890000000000000568e+00,
9.080000000000000071e+00,
9.259999999999999787e+00,
9.449999999999999289e+00,
9.669999999999999929e+00,
9.919999999999999929e+00,
1.016999999999999993e+01,
1.044999999999999929e+01,
1.066000000000000014e+01,
1.074000000000000021e+01,
1.064000000000000057e+01,
1.060999999999999943e+01,
1.141000000000000014e+01,
1.127999999999999936e+01,
1.041999999999999993e+01,
1.066999999999999993e+01,
1.099000000000000021e+01,
1.224000000000000021e+01,
1.185999999999999943e+01,
1.176999999999999957e+01,
1.240000000000000036e+01,
1.207000000000000028e+01,
1.206000000000000050e+01,
1.185999999999999943e+01,
1.164000000000000057e+01,
1.183000000000000007e+01,
1.215000000000000036e+01,
1.241999999999999993e+01,
1.275000000000000000e+01,
1.302999999999999936e+01,
1.300999999999999979e+01,
1.300999999999999979e+01,
1.294999999999999929e+01,
1.278999999999999915e+01,
1.277999999999999936e+01,
1.307000000000000028e+01,
1.349000000000000021e+01,
1.393999999999999950e+01,
1.419999999999999929e+01,
1.448000000000000043e+01,
1.475999999999999979e+01,
1.493999999999999950e+01,
1.646999999999999886e+01,
1.625000000000000000e+01,
1.481000000000000050e+01,
1.518999999999999950e+01,
1.691000000000000014e+01,
1.584999999999999964e+01,
1.746000000000000085e+01,
1.586999999999999922e+01,
1.748000000000000043e+01,
1.650000000000000000e+01,
1.755000000000000071e+01,
1.612000000000000099e+01,
1.871999999999999886e+01,
1.769000000000000128e+01,
1.705000000000000071e+01,
1.755999999999999872e+01,
2.028000000000000114e+01,
1.792999999999999972e+01,
1.826000000000000156e+01,
1.858999999999999986e+01,
1.867000000000000171e+01,
1.880999999999999872e+01,
1.894999999999999929e+01,
1.901000000000000156e+01,
1.860999999999999943e+01,
1.876999999999999957e+01,
1.905000000000000071e+01,
1.903000000000000114e+01,
1.903999999999999915e+01,
1.908999999999999986e+01,
1.905000000000000071e+01,
1.896999999999999886e+01,
1.887999999999999901e+01,
1.880000000000000071e+01,
1.905999999999999872e+01,
1.914999999999999858e+01,
1.912000000000000099e+01,
1.946999999999999886e+01,
1.987000000000000099e+01,
2.014999999999999858e+01,
2.046999999999999886e+01,
2.089999999999999858e+01,
2.296000000000000085e+01,
2.041000000000000014e+01,
2.258999999999999986e+01,
2.178000000000000114e+01,
1.889999999999999858e+01,
1.814000000000000057e+01,
1.864999999999999858e+01,
1.867000000000000171e+01,
1.882000000000000028e+01,
1.887000000000000099e+01,
1.873000000000000043e+01,
1.844999999999999929e+01,
1.855999999999999872e+01,
1.871999999999999886e+01,
1.871999999999999886e+01,
1.914000000000000057e+01,
1.905000000000000071e+01,
1.878999999999999915e+01,
1.898000000000000043e+01,
1.921000000000000085e+01,
1.871999999999999886e+01,
1.792000000000000171e+01,
1.871000000000000085e+01,
1.855999999999999872e+01,
1.919999999999999929e+01,
1.948999999999999844e+01,
1.976999999999999957e+01,
1.953000000000000114e+01,
1.962000000000000099e+01,
1.971000000000000085e+01,
1.973000000000000043e+01,
1.969000000000000128e+01,
1.971999999999999886e+01,
1.982999999999999829e+01,
1.994000000000000128e+01,
2.005000000000000071e+01,
2.007000000000000028e+01,
2.019999999999999929e+01,
2.033999999999999986e+01,
2.066000000000000014e+01,
2.216000000000000014e+01,
2.216000000000000014e+01,
1.994999999999999929e+01,
1.980999999999999872e+01,
1.980000000000000071e+01,
1.975000000000000000e+01,
1.973999999999999844e+01,
1.962000000000000099e+01,
1.935999999999999943e+01,
1.919999999999999929e+01,
1.921999999999999886e+01,
8.380000000000000782e+00,
7.870000000000000107e+00,
8.449999999999999289e+00,
8.589999999999999858e+00,
8.630000000000000782e+00,
8.619999999999999218e+00,
8.619999999999999218e+00,
8.539999999999999147e+00,
8.380000000000000782e+00,
8.470000000000000639e+00,
8.349999999999999645e+00,
8.279999999999999361e+00,
8.220000000000000639e+00,
8.199999999999999289e+00,
8.279999999999999361e+00,
8.529999999999999361e+00,
8.890000000000000568e+00,
9.070000000000000284e+00,
8.750000000000000000e+00,
8.890000000000000568e+00,
9.080000000000000071e+00,
9.259999999999999787e+00,
9.449999999999999289e+00,
9.669999999999999929e+00,
9.919999999999999929e+00,
1.016999999999999993e+01,
1.044999999999999929e+01,
1.099000000000000021e+01,
1.096000000000000085e+01,
1.048000000000000043e+01,
1.052999999999999936e+01,
1.052999999999999936e+01,
1.051999999999999957e+01,
1.061999999999999922e+01,
1.084999999999999964e+01,
1.107000000000000028e+01,
1.185999999999999943e+01,
1.202999999999999936e+01,
1.221000000000000085e+01,
1.238000000000000078e+01,
1.206000000000000050e+01,
1.208000000000000007e+01,
1.188000000000000078e+01,
1.165000000000000036e+01,
1.183999999999999986e+01,
1.215000000000000036e+01,
1.242999999999999972e+01,
1.275000000000000000e+01,
1.303999999999999915e+01,
1.301999999999999957e+01,
1.300000000000000000e+01,
1.293999999999999950e+01,
1.278999999999999915e+01,
1.277999999999999936e+01,
1.307000000000000028e+01,
1.348000000000000043e+01,
1.392999999999999972e+01,
1.419999999999999929e+01,
1.449000000000000021e+01,
1.476999999999999957e+01,
1.494999999999999929e+01,
1.648000000000000043e+01,
1.625000000000000000e+01,
1.481000000000000050e+01,
1.518999999999999950e+01,
1.692000000000000171e+01,
1.584999999999999964e+01,
1.746999999999999886e+01,
1.586999999999999922e+01,
1.748000000000000043e+01,
1.650000000000000000e+01,
1.755000000000000071e+01,
1.612000000000000099e+01,
1.871999999999999886e+01,
1.769000000000000128e+01,
1.705000000000000071e+01,
1.755999999999999872e+01,
2.028000000000000114e+01,
1.792999999999999972e+01,
1.826999999999999957e+01,
1.858999999999999986e+01,
1.867000000000000171e+01,
1.880999999999999872e+01,
1.894999999999999929e+01,
1.901000000000000156e+01,
1.901000000000000156e+01,
1.894000000000000128e+01,
1.892000000000000171e+01,
1.846000000000000085e+01,
1.889000000000000057e+01,
1.905999999999999872e+01,
1.892999999999999972e+01,
1.885999999999999943e+01,
1.898000000000000043e+01,
1.887999999999999901e+01,
1.880000000000000071e+01,
1.900000000000000000e+01,
1.928000000000000114e+01,
1.971999999999999886e+01,
1.996999999999999886e+01,
1.987999999999999901e+01,
2.023000000000000043e+01,
2.073999999999999844e+01,
2.296000000000000085e+01,
2.289999999999999858e+01,
2.114000000000000057e+01,
1.998000000000000043e+01,
1.885000000000000142e+01,
1.810000000000000142e+01,
1.817999999999999972e+01,
1.848000000000000043e+01,
1.878000000000000114e+01,
1.901000000000000156e+01,
1.869000000000000128e+01,
1.855000000000000071e+01,
1.873999999999999844e+01,
1.885999999999999943e+01,
1.889999999999999858e+01,
1.900000000000000000e+01,
1.898000000000000043e+01,
1.898000000000000043e+01,
1.914000000000000057e+01,
1.903999999999999915e+01,
1.871999999999999886e+01,
1.798000000000000043e+01,
1.844000000000000128e+01,
1.932999999999999829e+01,
1.910000000000000142e+01,
2.219000000000000128e+01,
1.930000000000000071e+01,
1.975000000000000000e+01,
1.937000000000000099e+01,
1.955000000000000071e+01,
1.962000000000000099e+01,
1.964999999999999858e+01,
1.964000000000000057e+01,
1.973000000000000043e+01,
1.985000000000000142e+01,
1.996999999999999886e+01,
2.000000000000000000e+01,
2.012999999999999901e+01,
2.026999999999999957e+01,
2.039000000000000057e+01,
2.030000000000000071e+01,
2.225000000000000000e+01,
1.994999999999999929e+01,
1.982999999999999829e+01,
1.982999999999999829e+01,
1.978000000000000114e+01,
1.976000000000000156e+01,
1.962000000000000099e+01,
1.937000000000000099e+01,
1.923999999999999844e+01,
1.926000000000000156e+01,
8.380000000000000782e+00,
7.870000000000000107e+00,
8.449999999999999289e+00,
8.589999999999999858e+00,
8.630000000000000782e+00,
8.619999999999999218e+00,
8.619999999999999218e+00,
8.539999999999999147e+00,
8.380000000000000782e+00,
8.470000000000000639e+00,
8.349999999999999645e+00,
8.279999999999999361e+00,
8.220000000000000639e+00,
8.199999999999999289e+00,
8.279999999999999361e+00,
8.529999999999999361e+00,
8.890000000000000568e+00,
9.070000000000000284e+00,
8.750000000000000000e+00,
8.890000000000000568e+00,
9.080000000000000071e+00,
9.259999999999999787e+00,
9.449999999999999289e+00,
9.669999999999999929e+00,
9.919999999999999929e+00,
1.016999999999999993e+01,
1.044999999999999929e+01,
1.099000000000000021e+01,
1.096000000000000085e+01,
1.048000000000000043e+01,
1.052999999999999936e+01,
1.052999999999999936e+01,
1.051999999999999957e+01,
1.061999999999999922e+01,
1.084999999999999964e+01,
1.107000000000000028e+01,
1.185999999999999943e+01,
1.202999999999999936e+01,
1.221000000000000085e+01,
1.238000000000000078e+01,
1.206000000000000050e+01,
1.208000000000000007e+01,
1.188000000000000078e+01,
1.165000000000000036e+01,
1.183999999999999986e+01,
1.215000000000000036e+01,
1.242999999999999972e+01,
1.275000000000000000e+01,
1.303999999999999915e+01,
1.301999999999999957e+01,
1.300000000000000000e+01,
1.293999999999999950e+01,
1.278999999999999915e+01,
1.277999999999999936e+01,
1.307000000000000028e+01,
1.348000000000000043e+01,
1.392999999999999972e+01,
1.419999999999999929e+01,
1.449000000000000021e+01,
1.476999999999999957e+01,
1.494999999999999929e+01,
1.648000000000000043e+01,
1.625000000000000000e+01,
1.481000000000000050e+01,
1.518999999999999950e+01,
1.692000000000000171e+01,
1.584999999999999964e+01,
1.746999999999999886e+01,
1.586999999999999922e+01,
1.748000000000000043e+01,
1.650000000000000000e+01,
1.755000000000000071e+01,
1.612000000000000099e+01,
1.871999999999999886e+01,
1.769000000000000128e+01,
1.705000000000000071e+01,
1.755999999999999872e+01,
2.028000000000000114e+01,
1.792999999999999972e+01,
1.826999999999999957e+01,
1.858999999999999986e+01,
1.867000000000000171e+01,
1.880999999999999872e+01,
1.894999999999999929e+01,
1.901000000000000156e+01,
1.901000000000000156e+01,
1.894000000000000128e+01,
1.892000000000000171e+01,
1.846000000000000085e+01,
1.889000000000000057e+01,
1.905999999999999872e+01,
1.892999999999999972e+01,
1.885999999999999943e+01,
1.898000000000000043e+01,
1.887999999999999901e+01,
1.880000000000000071e+01,
1.900000000000000000e+01,
1.928000000000000114e+01,
1.948000000000000043e+01,
1.964000000000000057e+01,
2.014999999999999858e+01,
2.046999999999999886e+01,
2.319999999999999929e+01,
2.283999999999999986e+01,
2.128000000000000114e+01,
2.228999999999999915e+01,
1.994000000000000128e+01,
1.887999999999999901e+01,
1.801999999999999957e+01,
1.810000000000000142e+01,
1.880000000000000071e+01,
1.853999999999999915e+01,
1.907000000000000028e+01,
1.860000000000000142e+01,
1.853000000000000114e+01,
1.866000000000000014e+01,
1.873000000000000043e+01,
1.882000000000000028e+01,
1.905999999999999872e+01,
1.889999999999999858e+01,
1.894999999999999929e+01,
1.910000000000000142e+01,
1.917000000000000171e+01,
1.875000000000000000e+01,
1.796000000000000085e+01,
1.837999999999999901e+01,
1.925000000000000000e+01,
1.907000000000000028e+01,
2.212000000000000099e+01,
2.221999999999999886e+01,
1.953999999999999915e+01,
1.914999999999999858e+01,
1.967000000000000171e+01,
1.946000000000000085e+01,
1.948999999999999844e+01,
1.950000000000000000e+01,
1.953000000000000114e+01,
1.964000000000000057e+01,
1.978999999999999915e+01,
1.985000000000000142e+01,
1.998000000000000043e+01,
2.012000000000000099e+01,
2.023999999999999844e+01,
2.019000000000000128e+01,
2.005999999999999872e+01,
1.991000000000000014e+01,
1.982999999999999829e+01,
1.980999999999999872e+01,
1.978000000000000114e+01,
1.975000000000000000e+01,
1.960000000000000142e+01,
2.173999999999999844e+01,
2.160000000000000142e+01,
1.905999999999999872e+01,
8.380000000000000782e+00,
7.870000000000000107e+00,
8.449999999999999289e+00,
8.589999999999999858e+00,
8.630000000000000782e+00,
8.619999999999999218e+00,
8.619999999999999218e+00,
8.539999999999999147e+00,
8.380000000000000782e+00,
8.470000000000000639e+00,
8.349999999999999645e+00,
8.279999999999999361e+00,
8.220000000000000639e+00,
8.199999999999999289e+00,
8.279999999999999361e+00,
8.529999999999999361e+00,
8.890000000000000568e+00,
9.070000000000000284e+00,
8.750000000000000000e+00,
8.890000000000000568e+00,
9.080000000000000071e+00,
9.259999999999999787e+00,
9.449999999999999289e+00,
9.669999999999999929e+00,
9.919999999999999929e+00,
1.016999999999999993e+01,
1.044999999999999929e+01,
1.099000000000000021e+01,
1.096000000000000085e+01,
1.048000000000000043e+01,
1.052999999999999936e+01,
1.052999999999999936e+01,
1.051999999999999957e+01,
1.061999999999999922e+01,
1.084999999999999964e+01,
1.107000000000000028e+01,
1.185999999999999943e+01,
1.202999999999999936e+01,
1.221000000000000085e+01,
1.238000000000000078e+01,
1.206000000000000050e+01,
1.208000000000000007e+01,
1.188000000000000078e+01,
1.165000000000000036e+01,
1.183999999999999986e+01,
1.215000000000000036e+01,
1.242999999999999972e+01,
1.275000000000000000e+01,
1.303999999999999915e+01,
1.301999999999999957e+01,
1.300000000000000000e+01,
1.293999999999999950e+01,
1.278999999999999915e+01,
1.277999999999999936e+01,
1.307000000000000028e+01,
1.348000000000000043e+01,
1.392999999999999972e+01,
1.419999999999999929e+01,
1.449000000000000021e+01,
1.476999999999999957e+01,
1.494999999999999929e+01,
1.648000000000000043e+01,
1.625000000000000000e+01,
1.481000000000000050e+01,
1.518999999999999950e+01,
1.692000000000000171e+01,
1.584999999999999964e+01,
1.746999999999999886e+01,
1.586999999999999922e+01,
1.748000000000000043e+01,
1.650000000000000000e+01,
1.755000000000000071e+01,
1.612000000000000099e+01,
1.871999999999999886e+01,
1.769000000000000128e+01,
1.705000000000000071e+01,
1.755999999999999872e+01,
2.028000000000000114e+01,
1.792999999999999972e+01,
1.826999999999999957e+01,
1.858999999999999986e+01,
1.867000000000000171e+01,
1.880999999999999872e+01,
1.894999999999999929e+01,
1.901000000000000156e+01,
1.862999999999999901e+01,
1.876999999999999957e+01,
1.887999999999999901e+01,
1.894999999999999929e+01,
1.912000000000000099e+01,
1.912999999999999901e+01,
1.901999999999999957e+01,
1.896000000000000085e+01,
1.896999999999999886e+01,
1.887999999999999901e+01,
1.889999999999999858e+01,
1.907000000000000028e+01,
1.925000000000000000e+01,
1.946999999999999886e+01,
1.966000000000000014e+01,
1.991000000000000014e+01,
2.062999999999999901e+01,
2.142999999999999972e+01,
2.051000000000000156e+01,
2.055999999999999872e+01,
2.130000000000000071e+01,
2.196999999999999886e+01,
2.019999999999999929e+01,
1.812000000000000099e+01,
1.821000000000000085e+01,
1.844999999999999929e+01,
1.876000000000000156e+01,
1.871999999999999886e+01,
1.869000000000000128e+01,
1.860999999999999943e+01,
1.867999999999999972e+01,
1.882999999999999829e+01,
1.889000000000000057e+01,
1.912000000000000099e+01,
1.892000000000000171e+01,
1.894000000000000128e+01,
1.910000000000000142e+01,
1.901999999999999957e+01,
2.012000000000000099e+01,
1.780000000000000071e+01,
1.837000000000000099e+01,
1.862999999999999901e+01,
1.912999999999999901e+01,
1.948999999999999844e+01,
2.096999999999999886e+01,
1.937999999999999901e+01,
1.946000000000000085e+01,
2.062999999999999901e+01,
2.048999999999999844e+01,
1.957000000000000028e+01,
1.957000000000000028e+01,
1.964999999999999858e+01,
2.073999999999999844e+01,
2.103000000000000114e+01,
1.980000000000000071e+01,
1.996000000000000085e+01,
2.028000000000000114e+01,
2.035999999999999943e+01,
2.089999999999999858e+01,
2.092000000000000171e+01,
2.096000000000000085e+01,
1.973999999999999844e+01,
1.966000000000000014e+01,
2.051999999999999957e+01,
2.042999999999999972e+01,
1.953000000000000114e+01,
1.937999999999999901e+01,
1.914999999999999858e+01,
1.912000000000000099e+01,
8.380000000000000782e+00,
7.870000000000000107e+00,
8.449999999999999289e+00,
8.589999999999999858e+00,
8.630000000000000782e+00,
8.619999999999999218e+00,
8.619999999999999218e+00,
8.539999999999999147e+00,
8.380000000000000782e+00,
8.470000000000000639e+00,
8.349999999999999645e+00,
8.279999999999999361e+00,
8.220000000000000639e+00,
8.199999999999999289e+00,
8.279999999999999361e+00,
8.529999999999999361e+00,
8.890000000000000568e+00,
9.070000000000000284e+00,
8.750000000000000000e+00,
8.890000000000000568e+00,
9.080000000000000071e+00,
9.259999999999999787e+00,
9.449999999999999289e+00,
9.669999999999999929e+00,
9.919999999999999929e+00,
1.016999999999999993e+01,
1.044999999999999929e+01,
1.099000000000000021e+01,
1.096000000000000085e+01,
1.048000000000000043e+01,
1.052999999999999936e+01,
1.052999999999999936e+01,
1.051999999999999957e+01,
1.061999999999999922e+01,
1.084999999999999964e+01,
1.107000000000000028e+01,
1.185999999999999943e+01,
1.202999999999999936e+01,
1.221000000000000085e+01,
1.238000000000000078e+01,
1.206000000000000050e+01,
1.208000000000000007e+01,
1.190000000000000036e+01,
1.169999999999999929e+01,
1.182000000000000028e+01,
1.214000000000000057e+01,
1.243999999999999950e+01,
1.275000000000000000e+01,
1.303999999999999915e+01,
1.301999999999999957e+01,
1.300000000000000000e+01,
1.293999999999999950e+01,
1.278999999999999915e+01,
1.277999999999999936e+01,
1.307000000000000028e+01,
1.348000000000000043e+01,
1.392999999999999972e+01,
1.419999999999999929e+01,
1.449000000000000021e+01,
1.476999999999999957e+01,
1.494999999999999929e+01,
1.648000000000000043e+01,
1.625000000000000000e+01,
1.481000000000000050e+01,
1.518999999999999950e+01,
1.692000000000000171e+01,
1.584999999999999964e+01,
1.746999999999999886e+01,
1.586999999999999922e+01,
1.748000000000000043e+01,
1.650000000000000000e+01,
1.755000000000000071e+01,
1.612000000000000099e+01,
1.871999999999999886e+01,
1.769000000000000128e+01,
1.705000000000000071e+01,
1.755999999999999872e+01,
2.028000000000000114e+01,
2.028999999999999915e+01,
1.787999999999999901e+01,
1.817000000000000171e+01,
2.017000000000000171e+01,
1.842999999999999972e+01,
2.046000000000000085e+01,
1.862999999999999901e+01,
2.032999999999999829e+01,
1.808999999999999986e+01,
2.055000000000000071e+01,
1.833999999999999986e+01,
2.080000000000000071e+01,
1.855000000000000071e+01,
2.076000000000000156e+01,
1.860000000000000142e+01,
2.105999999999999872e+01,
1.857999999999999829e+01,
2.103999999999999915e+01,
1.860999999999999943e+01,
2.169999999999999929e+01,
1.880000000000000071e+01,
2.264999999999999858e+01,
1.905000000000000071e+01,
1.932999999999999829e+01,
1.969999999999999929e+01,
1.994999999999999929e+01,
2.273999999999999844e+01,
2.233999999999999986e+01,
1.967999999999999972e+01,
1.896000000000000085e+01,
1.807999999999999829e+01,
1.826000000000000156e+01,
1.835999999999999943e+01,
1.864000000000000057e+01,
1.882000000000000028e+01,
1.873999999999999844e+01,
1.867000000000000171e+01,
1.869000000000000128e+01,
1.882000000000000028e+01,
1.892999999999999972e+01,
1.903999999999999915e+01,
1.905000000000000071e+01,
1.889000000000000057e+01,
1.903999999999999915e+01,
1.914999999999999858e+01,
1.873000000000000043e+01,
1.794999999999999929e+01,
1.846999999999999886e+01,
1.876999999999999957e+01,
1.928000000000000114e+01,
2.073999999999999844e+01,
2.092999999999999972e+01,
1.928999999999999915e+01,
1.944000000000000128e+01,
2.044999999999999929e+01,
2.037000000000000099e+01,
1.951000000000000156e+01,
1.962999999999999901e+01,
1.962000000000000099e+01,
1.966000000000000014e+01,
1.982000000000000028e+01,
2.108999999999999986e+01,
1.994000000000000128e+01,
2.007999999999999829e+01,
2.021999999999999886e+01,
2.091000000000000014e+01,
2.094000000000000128e+01,
2.094000000000000128e+01,
2.082000000000000028e+01,
2.062000000000000099e+01,
1.964999999999999858e+01,
1.964000000000000057e+01,
1.955999999999999872e+01,
1.937000000000000099e+01,
2.021999999999999886e+01,
1.903000000000000114e+01,
8.380000000000000782e+00,
7.870000000000000107e+00,
8.449999999999999289e+00,
8.589999999999999858e+00,
8.630000000000000782e+00,
8.619999999999999218e+00,
8.619999999999999218e+00,
8.539999999999999147e+00,
8.380000000000000782e+00,
8.470000000000000639e+00,
8.349999999999999645e+00,
8.279999999999999361e+00,
8.220000000000000639e+00,
8.199999999999999289e+00,
8.279999999999999361e+00,
8.529999999999999361e+00,
8.890000000000000568e+00,
9.070000000000000284e+00,
8.750000000000000000e+00,
8.890000000000000568e+00,
9.080000000000000071e+00,
9.259999999999999787e+00,
9.449999999999999289e+00,
9.669999999999999929e+00,
9.919999999999999929e+00,
1.016999999999999993e+01,
1.044999999999999929e+01,
1.099000000000000021e+01,
1.096000000000000085e+01,
1.048000000000000043e+01,
1.052999999999999936e+01,
1.052999999999999936e+01,
1.051999999999999957e+01,
1.061999999999999922e+01,
1.084999999999999964e+01,
1.107000000000000028e+01,
1.185999999999999943e+01,
1.202999999999999936e+01,
1.221000000000000085e+01,
1.238000000000000078e+01,
1.193999999999999950e+01,
1.210999999999999943e+01,
1.192999999999999972e+01,
1.167999999999999972e+01,
1.181000000000000050e+01,
1.213000000000000078e+01,
1.242999999999999972e+01,
1.275000000000000000e+01,
1.303999999999999915e+01,
1.301999999999999957e+01,
1.300000000000000000e+01,
1.293999999999999950e+01,
1.278999999999999915e+01,
1.277999999999999936e+01,
1.307000000000000028e+01,
1.348000000000000043e+01,
1.392999999999999972e+01,
1.419999999999999929e+01,
1.449000000000000021e+01,
1.476999999999999957e+01,
1.494999999999999929e+01,
1.648000000000000043e+01,
1.625000000000000000e+01,
1.481000000000000050e+01,
1.518999999999999950e+01,
1.692000000000000171e+01,
1.584999999999999964e+01,
1.746999999999999886e+01,
1.586999999999999922e+01,
1.748000000000000043e+01,
1.650000000000000000e+01,
1.755000000000000071e+01,
1.612000000000000099e+01,
1.871999999999999886e+01,
1.769000000000000128e+01,
1.705000000000000071e+01,
1.755999999999999872e+01,
2.028000000000000114e+01,
2.028999999999999915e+01,
1.787999999999999901e+01,
1.817000000000000171e+01,
2.017000000000000171e+01,
1.783999999999999986e+01,
2.044999999999999929e+01,
1.826999999999999957e+01,
2.035000000000000142e+01,
1.850000000000000000e+01,
2.057999999999999829e+01,
1.855000000000000071e+01,
2.080999999999999872e+01,
1.873000000000000043e+01,
2.076999999999999957e+01,
1.867000000000000171e+01,
2.107000000000000028e+01,
1.860999999999999943e+01,
2.105000000000000071e+01,
1.862999999999999901e+01,
2.171000000000000085e+01,
1.882000000000000028e+01,
2.264999999999999858e+01,
1.907000000000000028e+01,
1.926999999999999957e+01,
1.962999999999999901e+01,
1.996999999999999886e+01,
2.021000000000000085e+01,
2.253999999999999915e+01,
2.173000000000000043e+01,
1.896999999999999886e+01,
1.810999999999999943e+01,
1.805000000000000071e+01,
1.841000000000000014e+01,
1.871000000000000085e+01,
1.903000000000000114e+01,
1.873999999999999844e+01,
1.864000000000000057e+01,
1.869000000000000128e+01,
1.873999999999999844e+01,
1.878000000000000114e+01,
1.891000000000000014e+01,
1.892999999999999972e+01,
1.894000000000000128e+01,
1.908999999999999986e+01,
1.900000000000000000e+01,
1.875000000000000000e+01,
1.796000000000000085e+01,
1.837000000000000099e+01,
1.882000000000000028e+01,
1.928000000000000114e+01,
1.955000000000000071e+01,
1.951000000000000156e+01,
1.953999999999999915e+01,
1.962999999999999901e+01,
1.971999999999999886e+01,
1.973000000000000043e+01,
1.967999999999999972e+01,
1.971000000000000085e+01,
1.982000000000000028e+01,
1.994000000000000128e+01,
2.003999999999999915e+01,
2.005999999999999872e+01,
2.019999999999999929e+01,
2.033999999999999986e+01,
2.046000000000000085e+01,
2.035000000000000142e+01,
2.014999999999999858e+01,
1.998000000000000043e+01,
1.991000000000000014e+01,
1.989000000000000057e+01,
1.985000000000000142e+01,
1.980000000000000071e+01,
1.964000000000000057e+01,
1.939000000000000057e+01,
1.930000000000000071e+01,
1.933999999999999986e+01,
8.380000000000000782e+00,
7.870000000000000107e+00,
8.449999999999999289e+00,
8.589999999999999858e+00,
8.630000000000000782e+00,
8.619999999999999218e+00,
8.619999999999999218e+00,
8.650000000000000355e+00,
8.529999999999999361e+00,
8.410000000000000142e+00,
8.320000000000000284e+00,
8.259999999999999787e+00,
8.210000000000000853e+00,
8.189999999999999503e+00,
8.269999999999999574e+00,
8.509999999999999787e+00,
8.880000000000000782e+00,
9.070000000000000284e+00,
9.160000000000000142e+00,
8.800000000000000711e+00,
8.970000000000000639e+00,
9.189999999999999503e+00,
9.429999999999999716e+00,
9.660000000000000142e+00,
9.919999999999999929e+00,
1.016999999999999993e+01,
1.044999999999999929e+01,
1.098000000000000043e+01,
1.094999999999999929e+01,
1.048000000000000043e+01,
1.051999999999999957e+01,
1.052999999999999936e+01,
1.051999999999999957e+01,
1.063000000000000078e+01,
1.085999999999999943e+01,
1.108000000000000007e+01,
1.184999999999999964e+01,
1.202999999999999936e+01,
1.219999999999999929e+01,
1.236999999999999922e+01,
1.193999999999999950e+01,
1.209999999999999964e+01,
1.191999999999999993e+01,
1.167999999999999972e+01,
1.181000000000000050e+01,
1.213000000000000078e+01,
1.242999999999999972e+01,
1.275000000000000000e+01,
1.302999999999999936e+01,
1.300999999999999979e+01,
1.300000000000000000e+01,
1.293999999999999950e+01,
1.278999999999999915e+01,
1.277999999999999936e+01,
1.307000000000000028e+01,
1.348000000000000043e+01,
1.392999999999999972e+01,
1.419999999999999929e+01,
1.449000000000000021e+01,
1.476999999999999957e+01,
1.494999999999999929e+01,
1.648000000000000043e+01,
1.625000000000000000e+01,
1.481000000000000050e+01,
1.518999999999999950e+01,
1.692000000000000171e+01,
1.584999999999999964e+01,
1.746999999999999886e+01,
1.586999999999999922e+01,
1.748000000000000043e+01,
1.650000000000000000e+01,
1.755000000000000071e+01,
1.612000000000000099e+01,
1.871999999999999886e+01,
1.769000000000000128e+01,
1.705000000000000071e+01,
1.755999999999999872e+01,
2.028000000000000114e+01,
1.733999999999999986e+01,
1.844000000000000128e+01,
1.807999999999999829e+01,
1.850000000000000000e+01,
1.876000000000000156e+01,
1.891000000000000014e+01,
1.903000000000000114e+01,
1.908999999999999986e+01,
1.905999999999999872e+01,
1.898999999999999844e+01,
1.894999999999999929e+01,
1.917000000000000171e+01,
1.914999999999999858e+01,
1.903000000000000114e+01,
1.887999999999999901e+01,
1.898000000000000043e+01,
1.887999999999999901e+01,
1.880000000000000071e+01,
1.907999999999999829e+01,
1.926000000000000156e+01,
1.948000000000000043e+01,
1.987000000000000099e+01,
2.033999999999999986e+01,
2.058999999999999986e+01,
2.042999999999999972e+01,
2.060999999999999943e+01,
2.064999999999999858e+01,
2.039999999999999858e+01,
1.992999999999999972e+01,
2.242000000000000171e+01,
1.853000000000000114e+01,
1.817999999999999972e+01,
1.842000000000000171e+01,
1.878999999999999915e+01,
1.889000000000000057e+01,
1.887999999999999901e+01,
1.848999999999999844e+01,
1.869000000000000128e+01,
1.880000000000000071e+01,
1.891000000000000014e+01,
1.914000000000000057e+01,
1.905000000000000071e+01,
1.876000000000000156e+01,
1.896999999999999886e+01,
1.905999999999999872e+01,
1.880999999999999872e+01,
1.814999999999999858e+01,
1.826000000000000156e+01,
1.882999999999999829e+01,
1.971000000000000085e+01,
1.932000000000000028e+01,
1.987999999999999901e+01,
1.987000000000000099e+01,
1.992000000000000171e+01,
1.964999999999999858e+01,
1.982999999999999829e+01,
1.939000000000000057e+01,
1.951999999999999957e+01,
2.001999999999999957e+01,
2.010999999999999943e+01,
2.019000000000000128e+01,
2.023000000000000043e+01,
2.035999999999999943e+01,
2.048999999999999844e+01,
2.057999999999999829e+01,
2.037000000000000099e+01,
2.019999999999999929e+01,
1.991000000000000014e+01,
1.985999999999999943e+01,
1.985000000000000142e+01,
1.983999999999999986e+01,
1.978000000000000114e+01,
1.955999999999999872e+01,
1.951000000000000156e+01,
1.941000000000000014e+01,
1.939000000000000057e+01,
