1500,
900,
1500,
1500,
700,
900,
700,
1500,
900,
1500,
900,
1500,
1500,
700,
900,
700,
1500,
900,
1700,
1700,
1700,
900,
1100,
1100,
900,
900,
1300,
1700,
1700,
1700,
1700,
1700,
1700,
1300,
1100,
1900,
2101,
2101,
2500,
2101,
3100,
2300,
2101,
2101,
1500,
2101,
2101,
2300,
2300,
3100,
3500,
4100,
1500,
900,
1500,
1500,
1300,
700,
900,
1500,
1700,
1700,
1300,
1500,
1100,
1100,
1100,
1500,
1300,
1900,
1500,
1900,
1500,
1500,
2101,
1500,
1700,
1700,
1300,
1300,
1700,
1700,
2101,
2101,
2101,
1500,
1900,
1500,
1900,
2101,
2500,
2300,
2300,
1500,
1700,
1700,
1700,
1700,
1700,
1700,
1700,
1900,
2500,
2500,
1900,
2101,
2500,
2500,
2500,
2500,
2500,
2500,
2101,
2300,
2500,
3300,
4100,
1500,
900,
1100,
1100,
700,
700,
700,
700,
700,
700,
1100,
1100,
700,
900,
900,
900,
900,
900,
900,
1300,
1700,
1700,
1500,
2500,
2300,
1700,
1300,
1100,
1300,
1500,
1700,
1300,
1500,
1900,
1900,
1500,
1700,
1700,
1700,
1700,
1300,
900,
900,
1300,
1700,
1700,
2101,
2101,
2500,
2300,
3100,
3100,
2101,
2101,
2101,
2101,
2101,
2101,
2500,
2500,
1900,
2300,
2101,
2101,
4100,
3500,
1500,
3500,
1500,
3100,
1500,
1700,
1700,
1700,
1700,
1500,
2500,
2300,
2500,
1500,
1300,
1900,
1700,
1700,
1300,
1300,
1700,
1700,
1700,
1300,
1100,
1100,
1300,
1700,
1700,
1700,
1300,
1100,
1100,
1900,
2101,
2101,
1700,
1300,
1300,
1300,
1500,
2300,
2101,
2101,
3300,
1500,
2101,
2300,
2300,
2101,
1900,
1900,
1900,
1500,
2500,
2500,
2101,
2101,
2500,
2500,
2300,
2101,
2500,
2101,
1900,
1900,
1900,
2500,
2500,
2500,
2101,
2101,
2300,
1900,
2300,
2300,
1700,
2101,
2300,
2300,
2500,
2500,
2500,
2101,
2500,
2101,
2101,
2101,
2101,
2101,
2101,
2101,
3100,
3700,
1500,
2101,
1300,
1700,
1500,
1700,
1700,
1700,
1300,
900,
900,
1300,
1700,
1700,
700,
1100,
700,
1300,
1700,
1700,
1300,
900,
1100,
1700,
1700,
1700,
1700,
1300,
1300,
1300,
1300,
1700,
1700,
1700,
1300,
1900,
1500,
1500,
2101,
1500,
1700,
1700,
1700,
1300,
1300,
1300,
1500,
2300,
2101,
1300,
2101,
1300,
2300,
2101,
2300,
2101,
1500,
1900,
1500,
1500,
1500,
1700,
2101,
1300,
2101,
1300,
1700,
1500,
1700,
1700,
1700,
1700,
1300,
1500,
1100,
1100,
1100,
500,
500,
500,
900,
700,
700,
1100,
1100,
1100,
700,
900,
700,
700,
1100,
900,
1100,
1100,
500,
300,
500,
700,
1100,
1100,
700,
900,
700,
900,
700,
700,
700,
700,
700,
1100,
1100,
700,
700,
700,
1100,
1100,
700,
900,
700,
300,
300,
1100,
900,
900,
900,
