6.959999999999999964e+00,
6.969999999999999751e+00,
7.070000000000000284e+00,
6.969999999999999751e+00,
7.339999999999999858e+00,
8.179999999999999716e+00,
8.449999999999999289e+00,
8.740000000000000213e+00,
8.160000000000000142e+00,
8.759999999999999787e+00,
9.029999999999999361e+00,
9.419999999999999929e+00,
8.580000000000000071e+00,
8.339999999999999858e+00,
8.849999999999999645e+00,
8.970000000000000639e+00,
8.839999999999999858e+00,
8.259999999999999787e+00,
8.490000000000000213e+00,
8.820000000000000284e+00,
9.320000000000000284e+00,
9.189999999999999503e+00,
9.589999999999999858e+00,
9.880000000000000782e+00,
1.080000000000000071e+01,
1.177999999999999936e+01,
1.203999999999999915e+01,
1.203999999999999915e+01,
1.207000000000000028e+01,
1.194999999999999929e+01,
1.121000000000000085e+01,
1.069999999999999929e+01,
1.046000000000000085e+01,
1.083000000000000007e+01,
1.142999999999999972e+01,
1.211999999999999922e+01,
1.198000000000000043e+01,
1.166999999999999993e+01,
1.157000000000000028e+01,
1.113000000000000078e+01,
1.105000000000000071e+01,
1.091999999999999993e+01,
1.101999999999999957e+01,
1.134999999999999964e+01,
6.950000000000000178e+00,
7.219999999999999751e+00,
7.459999999999999964e+00,
7.629999999999999893e+00,
7.469999999999999751e+00,
7.370000000000000107e+00,
7.990000000000000213e+00,
8.060000000000000497e+00,
6.309999999999999609e+00,
6.240000000000000213e+00,
6.169999999999999929e+00,
5.799999999999999822e+00,
5.759999999999999787e+00,
6.049999999999999822e+00,
6.490000000000000213e+00,
6.530000000000000249e+00,
6.629999999999999893e+00,
6.870000000000000107e+00,
6.919999999999999929e+00,
7.190000000000000391e+00,
7.559999999999999609e+00,
8.039999999999999147e+00,
8.080000000000000071e+00,
8.039999999999999147e+00,
8.539999999999999147e+00,
9.300000000000000711e+00,
8.900000000000000355e+00,
8.380000000000000782e+00,
7.709999999999999964e+00,
7.799999999999999822e+00,
8.130000000000000782e+00,
7.910000000000000142e+00,
7.700000000000000178e+00,
7.410000000000000142e+00,
7.500000000000000000e+00,
8.279999999999999361e+00,
8.529999999999999361e+00,
8.339999999999999858e+00,
8.480000000000000426e+00,
8.990000000000000213e+00,
9.580000000000000071e+00,
9.539999999999999147e+00,
9.099999999999999645e+00,
8.750000000000000000e+00,
9.310000000000000497e+00,
9.839999999999999858e+00,
1.026999999999999957e+01,
1.035999999999999943e+01,
1.025999999999999979e+01,
5.940000000000000391e+00,
6.040000000000000036e+00,
6.299999999999999822e+00,
5.929999999999999716e+00,
5.799999999999999822e+00,
5.809999999999999609e+00,
5.969999999999999751e+00,
6.190000000000000391e+00,
6.469999999999999751e+00,
6.980000000000000426e+00,
7.639999999999999680e+00,
8.210000000000000853e+00,
8.279999999999999361e+00,
7.910000000000000142e+00,
7.599999999999999645e+00,
7.519999999999999574e+00,
7.599999999999999645e+00,
7.629999999999999893e+00,
7.379999999999999893e+00,
7.629999999999999893e+00,
8.160000000000000142e+00,
8.669999999999999929e+00,
8.980000000000000426e+00,
8.929999999999999716e+00,
8.210000000000000853e+00,
8.339999999999999858e+00,
8.519999999999999574e+00,
8.839999999999999858e+00,
8.810000000000000497e+00,
8.810000000000000497e+00,
8.529999999999999361e+00,
8.359999999999999432e+00,
7.990000000000000213e+00,
7.769999999999999574e+00,
7.980000000000000426e+00,
7.889999999999999680e+00,
7.950000000000000178e+00,
8.470000000000000639e+00,
8.460000000000000853e+00,
8.900000000000000355e+00,
9.710000000000000853e+00,
1.033000000000000007e+01,
1.065000000000000036e+01,
1.100000000000000000e+01,
1.108000000000000007e+01,
1.159999999999999964e+01,
1.223000000000000043e+01,
1.238000000000000078e+01,
1.164000000000000057e+01,
1.135999999999999943e+01,
1.048000000000000043e+01,
1.000000000000000000e+01,
9.619999999999999218e+00,
9.470000000000000639e+00,
9.740000000000000213e+00,
1.018999999999999950e+01,
1.014000000000000057e+01,
9.759999999999999787e+00,
9.189999999999999503e+00,
8.859999999999999432e+00,
9.019999999999999574e+00,
9.330000000000000071e+00,
9.390000000000000568e+00,
9.140000000000000568e+00,
8.960000000000000853e+00,
9.380000000000000782e+00,
1.050999999999999979e+01,
1.138000000000000078e+01,
1.157000000000000028e+01,
1.194999999999999929e+01,
1.276999999999999957e+01,
1.281000000000000050e+01,
1.331000000000000050e+01,
1.358000000000000007e+01,
1.350999999999999979e+01,
1.263000000000000078e+01,
1.183999999999999986e+01,
1.144999999999999929e+01,
1.111999999999999922e+01,
1.038000000000000078e+01,
1.028999999999999915e+01,
1.041000000000000014e+01,
1.092999999999999972e+01,
1.147000000000000064e+01,
1.200000000000000000e+01,
1.209999999999999964e+01,
1.216999999999999993e+01,
1.228999999999999915e+01,
1.255000000000000071e+01,
1.264000000000000057e+01,
7.099999999999999645e+00,
7.379999999999999893e+00,
6.990000000000000213e+00,
7.429999999999999716e+00,
6.419999999999999929e+00,
7.169999999999999929e+00,
7.809999999999999609e+00,
8.449999999999999289e+00,
8.750000000000000000e+00,
9.150000000000000355e+00,
9.230000000000000426e+00,
8.769999999999999574e+00,
8.970000000000000639e+00,
8.730000000000000426e+00,
8.779999999999999361e+00,
8.750000000000000000e+00,
8.330000000000000071e+00,
7.830000000000000071e+00,
7.440000000000000391e+00,
7.429999999999999716e+00,
7.530000000000000249e+00,
7.690000000000000391e+00,
7.870000000000000107e+00,
7.860000000000000320e+00,
7.759999999999999787e+00,
7.650000000000000355e+00,
7.620000000000000107e+00,
7.650000000000000355e+00,
7.780000000000000249e+00,
8.109999999999999432e+00,
8.449999999999999289e+00,
8.980000000000000426e+00,
8.949999999999999289e+00,
8.859999999999999432e+00,
9.189999999999999503e+00,
9.960000000000000853e+00,
1.046000000000000085e+01,
1.081000000000000050e+01,
1.083999999999999986e+01,
1.040000000000000036e+01,
1.008999999999999986e+01,
1.023000000000000043e+01,
1.063000000000000078e+01,
1.138000000000000078e+01,
1.218999999999999950e+01,
6.719999999999999751e+00,
7.049999999999999822e+00,
7.160000000000000142e+00,
7.049999999999999822e+00,
7.059999999999999609e+00,
6.860000000000000320e+00,
6.969999999999999751e+00,
7.250000000000000000e+00,
7.469999999999999751e+00,
7.870000000000000107e+00,
7.709999999999999964e+00,
8.039999999999999147e+00,
8.460000000000000853e+00,
8.679999999999999716e+00,
8.730000000000000426e+00,
8.439999999999999503e+00,
8.380000000000000782e+00,
8.380000000000000782e+00,
8.289999999999999147e+00,
8.339999999999999858e+00,
8.320000000000000284e+00,
8.109999999999999432e+00,
8.099999999999999645e+00,
8.369999999999999218e+00,
8.849999999999999645e+00,
9.240000000000000213e+00,
9.300000000000000711e+00,
9.050000000000000711e+00,
8.619999999999999218e+00,
8.650000000000000355e+00,
8.689999999999999503e+00,
8.679999999999999716e+00,
8.730000000000000426e+00,
8.880000000000000782e+00,
9.240000000000000213e+00,
1.041000000000000014e+01,
1.108000000000000007e+01,
1.130000000000000071e+01,
1.113000000000000078e+01,
1.086999999999999922e+01,
1.033999999999999986e+01,
1.002999999999999936e+01,
1.000000000000000000e+01,
1.016000000000000014e+01,
1.050999999999999979e+01,
1.044999999999999929e+01,
1.015000000000000036e+01,
1.034999999999999964e+01,
1.107000000000000028e+01,
7.740000000000000213e+00,
8.009999999999999787e+00,
8.669999999999999929e+00,
8.900000000000000355e+00,
8.730000000000000426e+00,
8.759999999999999787e+00,
8.619999999999999218e+00,
8.359999999999999432e+00,
8.080000000000000071e+00,
8.099999999999999645e+00,
8.029999999999999361e+00,
7.980000000000000426e+00,
8.050000000000000711e+00,
8.210000000000000853e+00,
8.689999999999999503e+00,
9.480000000000000426e+00,
9.570000000000000284e+00,
9.800000000000000711e+00,
9.449999999999999289e+00,
9.519999999999999574e+00,
9.539999999999999147e+00,
9.720000000000000639e+00,
1.005000000000000071e+01,
1.019999999999999929e+01,
1.016000000000000014e+01,
1.050999999999999979e+01,
1.098000000000000043e+01,
1.115000000000000036e+01,
1.098000000000000043e+01,
1.090000000000000036e+01,
1.082000000000000028e+01,
1.066999999999999993e+01,
1.058999999999999986e+01,
1.093999999999999950e+01,
1.133000000000000007e+01,
1.166999999999999993e+01,
1.181000000000000050e+01,
1.223000000000000043e+01,
1.247000000000000064e+01,
1.242999999999999972e+01,
1.255000000000000071e+01,
1.199000000000000021e+01,
1.155000000000000071e+01,
1.165000000000000036e+01,
1.219999999999999929e+01,
1.283000000000000007e+01,
1.336999999999999922e+01,
1.340000000000000036e+01,
1.297000000000000064e+01,
1.294999999999999929e+01,
1.348000000000000043e+01,
1.307000000000000028e+01,
1.316999999999999993e+01,
1.311999999999999922e+01,
1.367999999999999972e+01,
1.409999999999999964e+01,
1.436999999999999922e+01,
1.491999999999999993e+01,
1.517999999999999972e+01,
1.561999999999999922e+01,
1.572000000000000064e+01,
1.566999999999999993e+01,
1.533000000000000007e+01,
1.528999999999999915e+01,
1.605999999999999872e+01,
1.637999999999999901e+01,
1.710999999999999943e+01,
1.700000000000000000e+01,
1.719999999999999929e+01,
1.660999999999999943e+01,
1.639000000000000057e+01,
1.705999999999999872e+01,
1.776999999999999957e+01,
1.887999999999999901e+01,
1.910999999999999943e+01,
1.958999999999999986e+01,
1.973999999999999844e+01,
1.980000000000000071e+01,
2.039000000000000057e+01,
2.021999999999999886e+01,
1.989000000000000057e+01,
1.967000000000000171e+01,
1.992000000000000171e+01,
2.003999999999999915e+01,
1.969999999999999929e+01,
1.964999999999999858e+01,
1.983999999999999986e+01,
2.032999999999999829e+01,
2.028000000000000114e+01,
2.066000000000000014e+01,
2.057000000000000028e+01,
2.012999999999999901e+01,
2.046000000000000085e+01,
2.019999999999999929e+01,
1.989999999999999858e+01,
2.087000000000000099e+01,
2.192999999999999972e+01,
2.180000000000000071e+01,
2.183999999999999986e+01,
2.173000000000000043e+01,
2.194000000000000128e+01,
2.260999999999999943e+01,
2.191000000000000014e+01,
2.173999999999999844e+01,
2.135999999999999943e+01,
2.119000000000000128e+01,
2.055000000000000071e+01,
1.980999999999999872e+01,
1.937000000000000099e+01,
1.964999999999999858e+01,
1.953000000000000114e+01,
1.978999999999999915e+01,
2.001999999999999957e+01,
1.957000000000000028e+01,
1.944999999999999929e+01,
1.926999999999999957e+01,
1.926999999999999957e+01,
1.962999999999999901e+01,
1.950000000000000000e+01,
1.957999999999999829e+01,
2.001999999999999957e+01,
2.053999999999999915e+01,
1.985000000000000142e+01,
1.957999999999999829e+01,
1.887999999999999901e+01,
