8.380000000000000782e+00,
7.849999999999999645e+00,
8.429999999999999716e+00,
8.570000000000000284e+00,
8.679999999999999716e+00,
8.640000000000000568e+00,
8.640000000000000568e+00,
8.580000000000000071e+00,
8.390000000000000568e+00,
8.250000000000000000e+00,
8.150000000000000355e+00,
8.099999999999999645e+00,
8.320000000000000284e+00,
8.289999999999999147e+00,
8.099999999999999645e+00,
8.289999999999999147e+00,
8.609999999999999432e+00,
8.820000000000000284e+00,
9.880000000000000782e+00,
8.960000000000000853e+00,
9.019999999999999574e+00,
9.220000000000000639e+00,
9.449999999999999289e+00,
9.689999999999999503e+00,
9.929999999999999716e+00,
1.016999999999999993e+01,
1.075999999999999979e+01,
1.064000000000000057e+01,
1.144999999999999929e+01,
1.043999999999999950e+01,
1.043999999999999950e+01,
1.097000000000000064e+01,
1.127999999999999936e+01,
1.041000000000000014e+01,
1.116999999999999993e+01,
1.131000000000000050e+01,
1.118999999999999950e+01,
1.168999999999999950e+01,
1.260999999999999943e+01,
1.201999999999999957e+01,
1.215000000000000036e+01,
1.206000000000000050e+01,
1.186999999999999922e+01,
1.165000000000000036e+01,
1.177999999999999936e+01,
1.214000000000000057e+01,
1.294999999999999929e+01,
1.264000000000000057e+01,
1.331000000000000050e+01,
1.325999999999999979e+01,
1.289000000000000057e+01,
1.291999999999999993e+01,
1.276999999999999957e+01,
1.383000000000000007e+01,
1.358999999999999986e+01,
1.325999999999999979e+01,
1.425999999999999979e+01,
1.400999999999999979e+01,
1.439000000000000057e+01,
1.483999999999999986e+01,
1.497000000000000064e+01,
1.502999999999999936e+01,
1.516999999999999993e+01,
1.524000000000000021e+01,
1.591000000000000014e+01,
1.561999999999999922e+01,
1.597000000000000064e+01,
1.764000000000000057e+01,
1.680000000000000071e+01,
1.600000000000000000e+01,
1.600000000000000000e+01,
1.619999999999999929e+01,
1.744999999999999929e+01,
1.691000000000000014e+01,
1.730000000000000071e+01,
1.889999999999999858e+01,
1.789999999999999858e+01,
1.935000000000000142e+01,
1.833999999999999986e+01,
1.912999999999999901e+01,
1.907000000000000028e+01,
1.862000000000000099e+01,
1.880999999999999872e+01,
1.896000000000000085e+01,
1.908999999999999986e+01,
1.912999999999999901e+01,
1.907000000000000028e+01,
1.978999999999999915e+01,
1.903000000000000114e+01,
1.983999999999999986e+01,
1.898999999999999844e+01,
1.896999999999999886e+01,
2.142999999999999972e+01,
1.873999999999999844e+01,
2.139000000000000057e+01,
2.144000000000000128e+01,
1.862000000000000099e+01,
1.885000000000000142e+01,
1.901999999999999957e+01,
2.298999999999999844e+01,
2.092000000000000171e+01,
1.948000000000000043e+01,
1.989999999999999858e+01,
2.008999999999999986e+01,
2.017000000000000171e+01,
2.028000000000000114e+01,
2.201000000000000156e+01,
1.900000000000000000e+01,
1.825000000000000000e+01,
1.864000000000000057e+01,
1.823999999999999844e+01,
1.905999999999999872e+01,
2.001999999999999957e+01,
1.996000000000000085e+01,
1.844000000000000128e+01,
1.853000000000000114e+01,
1.991000000000000014e+01,
2.176999999999999957e+01,
1.848000000000000043e+01,
1.857999999999999829e+01,
1.864999999999999858e+01,
1.983999999999999986e+01,
2.119000000000000128e+01,
1.869999999999999929e+01,
1.823999999999999844e+01,
1.973999999999999844e+01,
1.985000000000000142e+01,
1.853000000000000114e+01,
1.907999999999999829e+01,
1.917999999999999972e+01,
1.876000000000000156e+01,
2.048999999999999844e+01,
1.951000000000000156e+01,
1.908999999999999986e+01,
2.171000000000000085e+01,
2.025000000000000000e+01,
1.921999999999999886e+01,
1.939999999999999858e+01,
1.969000000000000128e+01,
2.091000000000000014e+01,
2.246999999999999886e+01,
1.985999999999999943e+01,
2.051999999999999957e+01,
2.046000000000000085e+01,
2.050000000000000000e+01,
1.953999999999999915e+01,
1.953999999999999915e+01,
2.048000000000000043e+01,
1.951000000000000156e+01,
1.958999999999999986e+01,
1.944999999999999929e+01,
1.935999999999999943e+01,
1.903999999999999915e+01,
2.005999999999999872e+01,
8.380000000000000782e+00,
7.839999999999999858e+00,
8.640000000000000568e+00,
8.519999999999999574e+00,
8.830000000000000071e+00,
8.570000000000000284e+00,
8.880000000000000782e+00,
8.480000000000000426e+00,
8.720000000000000639e+00,
8.199999999999999289e+00,
8.480000000000000426e+00,
8.009999999999999787e+00,
8.400000000000000355e+00,
7.940000000000000391e+00,
8.529999999999999361e+00,
8.230000000000000426e+00,
9.349999999999999645e+00,
8.640000000000000568e+00,
9.710000000000000853e+00,
9.240000000000000213e+00,
8.810000000000000497e+00,
9.080000000000000071e+00,
9.789999999999999147e+00,
9.539999999999999147e+00,
9.859999999999999432e+00,
1.015000000000000036e+01,
1.046000000000000085e+01,
1.068999999999999950e+01,
1.065000000000000036e+01,
1.057000000000000028e+01,
1.058000000000000007e+01,
1.055000000000000071e+01,
1.052999999999999936e+01,
1.063000000000000078e+01,
1.084999999999999964e+01,
1.107000000000000028e+01,
1.241999999999999993e+01,
1.244999999999999929e+01,
1.177999999999999936e+01,
1.211999999999999922e+01,
1.213000000000000078e+01,
1.198000000000000043e+01,
1.227999999999999936e+01,
1.208000000000000007e+01,
1.252999999999999936e+01,
1.291000000000000014e+01,
1.324000000000000021e+01,
1.336999999999999922e+01,
1.325000000000000000e+01,
1.321000000000000085e+01,
1.339000000000000057e+01,
1.332000000000000028e+01,
1.316000000000000014e+01,
1.325000000000000000e+01,
1.375999999999999979e+01,
1.417999999999999972e+01,
1.441999999999999993e+01,
1.466000000000000014e+01,
1.506000000000000050e+01,
1.527999999999999936e+01,
1.543999999999999950e+01,
1.551999999999999957e+01,
1.550000000000000000e+01,
1.550000000000000000e+01,
1.582000000000000028e+01,
1.632999999999999829e+01,
1.472000000000000064e+01,
1.501999999999999957e+01,
1.434999999999999964e+01,
1.500999999999999979e+01,
1.556000000000000050e+01,
1.605999999999999872e+01,
1.835999999999999943e+01,
1.889000000000000057e+01,
1.669999999999999929e+01,
1.683999999999999986e+01,
1.880000000000000071e+01,
1.900000000000000000e+01,
1.926000000000000156e+01,
1.928999999999999915e+01,
1.921000000000000085e+01,
1.928000000000000114e+01,
1.942000000000000171e+01,
1.948999999999999844e+01,
1.946999999999999886e+01,
1.939000000000000057e+01,
1.944999999999999929e+01,
1.939000000000000057e+01,
1.921999999999999886e+01,
1.942999999999999972e+01,
1.939000000000000057e+01,
1.928000000000000114e+01,
1.926999999999999957e+01,
1.860000000000000142e+01,
1.862999999999999901e+01,
1.930999999999999872e+01,
1.953999999999999915e+01,
1.882000000000000028e+01,
2.014000000000000057e+01,
2.042999999999999972e+01,
2.062999999999999901e+01,
2.076999999999999957e+01,
2.078999999999999915e+01,
2.058999999999999986e+01,
2.087999999999999901e+01,
2.076000000000000156e+01,
2.007000000000000028e+01,
1.944999999999999929e+01,
1.937999999999999901e+01,
1.917999999999999972e+01,
1.798999999999999844e+01,
1.837000000000000099e+01,
1.851999999999999957e+01,
1.960000000000000142e+01,
1.969000000000000128e+01,
1.957999999999999829e+01,
1.946000000000000085e+01,
1.935999999999999943e+01,
1.955000000000000071e+01,
1.950000000000000000e+01,
1.937000000000000099e+01,
1.919999999999999929e+01,
1.900000000000000000e+01,
1.912000000000000099e+01,
1.889999999999999858e+01,
1.930000000000000071e+01,
1.937999999999999901e+01,
1.948000000000000043e+01,
1.844999999999999929e+01,
1.969000000000000128e+01,
1.967999999999999972e+01,
1.969999999999999929e+01,
1.966000000000000014e+01,
1.944999999999999929e+01,
1.962999999999999901e+01,
1.967000000000000171e+01,
1.976000000000000156e+01,
2.001000000000000156e+01,
2.035000000000000142e+01,
2.037999999999999901e+01,
2.053999999999999915e+01,
2.035999999999999943e+01,
2.016000000000000014e+01,
2.005000000000000071e+01,
2.007999999999999829e+01,
2.023000000000000043e+01,
2.025000000000000000e+01,
2.010999999999999943e+01,
1.989999999999999858e+01,
1.987000000000000099e+01,
1.987999999999999901e+01,
1.973000000000000043e+01,
1.971999999999999886e+01,
1.969000000000000128e+01,
8.380000000000000782e+00,
7.839999999999999858e+00,
8.640000000000000568e+00,
8.519999999999999574e+00,
8.830000000000000071e+00,
8.570000000000000284e+00,
8.880000000000000782e+00,
8.480000000000000426e+00,
8.359999999999999432e+00,
8.230000000000000426e+00,
8.130000000000000782e+00,
8.089999999999999858e+00,
8.039999999999999147e+00,
8.080000000000000071e+00,
8.189999999999999503e+00,
8.380000000000000782e+00,
8.660000000000000142e+00,
8.839999999999999858e+00,
8.990000000000000213e+00,
9.539999999999999147e+00,
9.619999999999999218e+00,
9.150000000000000355e+00,
9.359999999999999432e+00,
1.001999999999999957e+01,
1.016000000000000014e+01,
1.032000000000000028e+01,
1.060999999999999943e+01,
1.080000000000000071e+01,
1.050999999999999979e+01,
1.047000000000000064e+01,
1.051999999999999957e+01,
1.051999999999999957e+01,
1.051999999999999957e+01,
1.065000000000000036e+01,
1.088000000000000078e+01,
1.108000000000000007e+01,
1.236999999999999922e+01,
1.241999999999999993e+01,
1.198000000000000043e+01,
1.268999999999999950e+01,
1.272000000000000064e+01,
1.258999999999999986e+01,
1.224000000000000021e+01,
1.205000000000000071e+01,
1.171000000000000085e+01,
1.257000000000000028e+01,
1.311999999999999922e+01,
1.328999999999999915e+01,
1.318999999999999950e+01,
1.316999999999999993e+01,
1.334999999999999964e+01,
1.327999999999999936e+01,
1.310999999999999943e+01,
1.323000000000000043e+01,
1.375999999999999979e+01,
1.416000000000000014e+01,
1.440000000000000036e+01,
1.465000000000000036e+01,
1.503999999999999915e+01,
1.526999999999999957e+01,
1.542999999999999972e+01,
1.550999999999999979e+01,
1.549000000000000021e+01,
1.550000000000000000e+01,
1.581000000000000050e+01,
1.632999999999999829e+01,
1.461999999999999922e+01,
1.698999999999999844e+01,
1.372000000000000064e+01,
1.586999999999999922e+01,
1.507000000000000028e+01,
1.764999999999999858e+01,
1.588000000000000078e+01,
1.871000000000000085e+01,
1.921999999999999886e+01,
1.955999999999999872e+01,
1.982000000000000028e+01,
1.635000000000000142e+01,
1.685999999999999943e+01,
1.807000000000000028e+01,
1.898999999999999844e+01,
1.844000000000000128e+01,
1.864000000000000057e+01,
1.885999999999999943e+01,
1.896000000000000085e+01,
1.894999999999999929e+01,
1.889999999999999858e+01,
1.889000000000000057e+01,
1.892000000000000171e+01,
1.903000000000000114e+01,
1.903999999999999915e+01,
1.894000000000000128e+01,
1.885999999999999943e+01,
1.976999999999999957e+01,
1.944999999999999929e+01,
1.955999999999999872e+01,
1.964000000000000057e+01,
1.994999999999999929e+01,
2.028000000000000114e+01,
2.050000000000000000e+01,
2.058999999999999986e+01,
1.973000000000000043e+01,
2.087999999999999901e+01,
2.273999999999999844e+01,
1.946999999999999886e+01,
2.021000000000000085e+01,
1.987000000000000099e+01,
1.869000000000000128e+01,
2.201999999999999957e+01,
1.773000000000000043e+01,
1.971000000000000085e+01,
1.844000000000000128e+01,
1.973000000000000043e+01,
1.962999999999999901e+01,
1.975000000000000000e+01,
1.960000000000000142e+01,
1.944999999999999929e+01,
1.935000000000000142e+01,
1.955000000000000071e+01,
1.948999999999999844e+01,
1.937000000000000099e+01,
1.921000000000000085e+01,
1.901000000000000156e+01,
1.912999999999999901e+01,
1.892000000000000171e+01,
1.921999999999999886e+01,
1.939999999999999858e+01,
1.948999999999999844e+01,
1.955999999999999872e+01,
1.960000000000000142e+01,
1.950000000000000000e+01,
1.957999999999999829e+01,
1.948000000000000043e+01,
1.939999999999999858e+01,
1.942000000000000171e+01,
1.948000000000000043e+01,
1.962999999999999901e+01,
1.992999999999999972e+01,
2.030000000000000071e+01,
2.033999999999999986e+01,
2.051999999999999957e+01,
2.033999999999999986e+01,
2.012000000000000099e+01,
2.008999999999999986e+01,
2.003999999999999915e+01,
2.012999999999999901e+01,
2.023000000000000043e+01,
2.010000000000000142e+01,
1.987999999999999901e+01,
1.985999999999999943e+01,
1.985999999999999943e+01,
1.971000000000000085e+01,
1.971000000000000085e+01,
1.969000000000000128e+01,
8.380000000000000782e+00,
7.839999999999999858e+00,
8.640000000000000568e+00,
8.519999999999999574e+00,
8.830000000000000071e+00,
8.570000000000000284e+00,
8.880000000000000782e+00,
8.480000000000000426e+00,
8.359999999999999432e+00,
8.230000000000000426e+00,
8.130000000000000782e+00,
8.089999999999999858e+00,
8.039999999999999147e+00,
8.080000000000000071e+00,
8.189999999999999503e+00,
8.380000000000000782e+00,
8.660000000000000142e+00,
8.839999999999999858e+00,
8.990000000000000213e+00,
9.539999999999999147e+00,
9.619999999999999218e+00,
9.150000000000000355e+00,
9.359999999999999432e+00,
1.001999999999999957e+01,
1.016000000000000014e+01,
1.032000000000000028e+01,
1.038000000000000078e+01,
1.086999999999999922e+01,
1.056000000000000050e+01,
1.050000000000000000e+01,
1.053999999999999915e+01,
1.052999999999999936e+01,
1.051999999999999957e+01,
1.065000000000000036e+01,
1.088000000000000078e+01,
1.108999999999999986e+01,
1.238000000000000078e+01,
1.241999999999999993e+01,
1.248000000000000043e+01,
1.266999999999999993e+01,
1.266999999999999993e+01,
1.250000000000000000e+01,
1.216999999999999993e+01,
1.199000000000000021e+01,
1.166000000000000014e+01,
1.205000000000000071e+01,
1.313000000000000078e+01,
1.330000000000000071e+01,
1.322000000000000064e+01,
1.318999999999999950e+01,
1.335999999999999943e+01,
1.328999999999999915e+01,
1.314000000000000057e+01,
1.324000000000000021e+01,
1.375999999999999979e+01,
1.416000000000000014e+01,
1.441000000000000014e+01,
1.466000000000000014e+01,
1.505000000000000071e+01,
1.526999999999999957e+01,
1.543999999999999950e+01,
1.551999999999999957e+01,
1.549000000000000021e+01,
1.550000000000000000e+01,
1.582000000000000028e+01,
1.632999999999999829e+01,
1.500000000000000000e+01,
1.698999999999999844e+01,
1.374000000000000021e+01,
1.584999999999999964e+01,
1.507000000000000028e+01,
1.764999999999999858e+01,
1.588000000000000078e+01,
1.871000000000000085e+01,
1.921999999999999886e+01,
1.657999999999999829e+01,
1.696999999999999886e+01,
1.900000000000000000e+01,
1.828999999999999915e+01,
1.937999999999999901e+01,
1.860999999999999943e+01,
1.869999999999999929e+01,
1.883999999999999986e+01,
1.892999999999999972e+01,
1.900000000000000000e+01,
1.900000000000000000e+01,
1.894000000000000128e+01,
1.891000000000000014e+01,
1.892999999999999972e+01,
1.905000000000000071e+01,
1.905000000000000071e+01,
1.894000000000000128e+01,
1.962000000000000099e+01,
1.978000000000000114e+01,
1.937999999999999901e+01,
1.948999999999999844e+01,
1.960000000000000142e+01,
1.985000000000000142e+01,
2.023999999999999844e+01,
1.933999999999999986e+01,
1.964999999999999858e+01,
1.991000000000000014e+01,
2.026000000000000156e+01,
2.291000000000000014e+01,
2.283999999999999986e+01,
2.000000000000000000e+01,
1.976999999999999957e+01,
1.882000000000000028e+01,
1.787000000000000099e+01,
1.950000000000000000e+01,
1.957999999999999829e+01,
1.962000000000000099e+01,
1.946000000000000085e+01,
1.942000000000000171e+01,
1.962000000000000099e+01,
1.951999999999999957e+01,
1.935000000000000142e+01,
1.921999999999999886e+01,
1.942999999999999972e+01,
1.937000000000000099e+01,
1.926000000000000156e+01,
1.910999999999999943e+01,
1.894999999999999929e+01,
1.907999999999999829e+01,
1.894000000000000128e+01,
1.923999999999999844e+01,
1.939000000000000057e+01,
1.946999999999999886e+01,
1.955999999999999872e+01,
1.971999999999999886e+01,
1.951000000000000156e+01,
1.957000000000000028e+01,
1.946000000000000085e+01,
1.939000000000000057e+01,
1.955000000000000071e+01,
1.960000000000000142e+01,
1.962999999999999901e+01,
1.992000000000000171e+01,
2.030000000000000071e+01,
2.032999999999999829e+01,
2.051999999999999957e+01,
2.033999999999999986e+01,
2.003000000000000114e+01,
2.001999999999999957e+01,
2.003999999999999915e+01,
2.012999999999999901e+01,
2.023000000000000043e+01,
2.010000000000000142e+01,
1.987999999999999901e+01,
1.985999999999999943e+01,
1.985999999999999943e+01,
1.971000000000000085e+01,
1.971000000000000085e+01,
1.969000000000000128e+01,
8.380000000000000782e+00,
7.839999999999999858e+00,
8.640000000000000568e+00,
8.519999999999999574e+00,
8.830000000000000071e+00,
8.570000000000000284e+00,
8.880000000000000782e+00,
8.480000000000000426e+00,
8.359999999999999432e+00,
8.230000000000000426e+00,
8.130000000000000782e+00,
8.089999999999999858e+00,
8.039999999999999147e+00,
8.080000000000000071e+00,
8.189999999999999503e+00,
8.380000000000000782e+00,
8.660000000000000142e+00,
8.839999999999999858e+00,
8.990000000000000213e+00,
9.539999999999999147e+00,
9.619999999999999218e+00,
9.150000000000000355e+00,
9.359999999999999432e+00,
1.001999999999999957e+01,
1.016000000000000014e+01,
1.032000000000000028e+01,
1.038000000000000078e+01,
1.086999999999999922e+01,
1.056000000000000050e+01,
1.050000000000000000e+01,
1.053999999999999915e+01,
1.052999999999999936e+01,
1.051999999999999957e+01,
1.065000000000000036e+01,
1.088000000000000078e+01,
1.108999999999999986e+01,
1.238000000000000078e+01,
1.241999999999999993e+01,
1.198000000000000043e+01,
1.269999999999999929e+01,
1.272000000000000064e+01,
1.258999999999999986e+01,
1.224000000000000021e+01,
1.205000000000000071e+01,
1.172000000000000064e+01,
1.257000000000000028e+01,
1.311999999999999922e+01,
1.328999999999999915e+01,
1.318999999999999950e+01,
1.316999999999999993e+01,
1.334999999999999964e+01,
1.327999999999999936e+01,
1.310999999999999943e+01,
1.323000000000000043e+01,
1.375999999999999979e+01,
1.416000000000000014e+01,
1.440000000000000036e+01,
1.465000000000000036e+01,
1.503999999999999915e+01,
1.526999999999999957e+01,
1.542999999999999972e+01,
1.550999999999999979e+01,
1.549000000000000021e+01,
1.550000000000000000e+01,
1.581000000000000050e+01,
1.632999999999999829e+01,
1.461999999999999922e+01,
1.698999999999999844e+01,
1.408000000000000007e+01,
1.581000000000000050e+01,
1.728000000000000114e+01,
1.748000000000000043e+01,
1.660999999999999943e+01,
1.701000000000000156e+01,
1.550000000000000000e+01,
1.658999999999999986e+01,
1.892000000000000171e+01,
1.912000000000000099e+01,
1.735000000000000142e+01,
1.819000000000000128e+01,
1.905000000000000071e+01,
1.889999999999999858e+01,
1.964999999999999858e+01,
1.967000000000000171e+01,
1.962000000000000099e+01,
1.953000000000000114e+01,
1.957999999999999829e+01,
1.951000000000000156e+01,
1.930000000000000071e+01,
1.950000000000000000e+01,
1.944999999999999929e+01,
1.932000000000000028e+01,
1.930000000000000071e+01,
1.951999999999999957e+01,
1.916000000000000014e+01,
1.921000000000000085e+01,
1.939999999999999858e+01,
1.966000000000000014e+01,
2.003000000000000114e+01,
2.030000000000000071e+01,
2.042000000000000171e+01,
1.942000000000000171e+01,
1.982000000000000028e+01,
2.064000000000000057e+01,
1.950000000000000000e+01,
2.035000000000000142e+01,
2.046000000000000085e+01,
1.887999999999999901e+01,
1.803000000000000114e+01,
1.855999999999999872e+01,
1.869000000000000128e+01,
1.996999999999999886e+01,
1.980999999999999872e+01,
1.976999999999999957e+01,
1.987000000000000099e+01,
1.973999999999999844e+01,
1.957999999999999829e+01,
1.946999999999999886e+01,
1.964000000000000057e+01,
1.957999999999999829e+01,
1.944000000000000128e+01,
1.926000000000000156e+01,
1.905999999999999872e+01,
1.912999999999999901e+01,
1.901999999999999957e+01,
1.930999999999999872e+01,
1.942000000000000171e+01,
1.950000000000000000e+01,
1.957999999999999829e+01,
1.969999999999999929e+01,
1.953000000000000114e+01,
1.957000000000000028e+01,
1.950000000000000000e+01,
1.941000000000000014e+01,
1.946999999999999886e+01,
1.960999999999999943e+01,
1.967000000000000171e+01,
1.994999999999999929e+01,
2.032000000000000028e+01,
2.033999999999999986e+01,
2.051000000000000156e+01,
2.033999999999999986e+01,
2.012999999999999901e+01,
2.010000000000000142e+01,
2.012999999999999901e+01,
2.021000000000000085e+01,
2.023000000000000043e+01,
2.010000000000000142e+01,
1.989000000000000057e+01,
1.985999999999999943e+01,
1.987000000000000099e+01,
1.971999999999999886e+01,
1.971999999999999886e+01,
1.969999999999999929e+01,
8.380000000000000782e+00,
7.839999999999999858e+00,
8.640000000000000568e+00,
8.519999999999999574e+00,
8.830000000000000071e+00,
8.570000000000000284e+00,
8.880000000000000782e+00,
8.480000000000000426e+00,
8.359999999999999432e+00,
8.230000000000000426e+00,
8.130000000000000782e+00,
8.089999999999999858e+00,
8.039999999999999147e+00,
8.080000000000000071e+00,
8.189999999999999503e+00,
8.380000000000000782e+00,
8.660000000000000142e+00,
8.839999999999999858e+00,
8.990000000000000213e+00,
9.539999999999999147e+00,
9.619999999999999218e+00,
9.150000000000000355e+00,
9.359999999999999432e+00,
1.001999999999999957e+01,
1.016000000000000014e+01,
1.007000000000000028e+01,
1.042999999999999972e+01,
1.067999999999999972e+01,
1.065000000000000036e+01,
1.058000000000000007e+01,
1.058999999999999986e+01,
1.056000000000000050e+01,
1.053999999999999915e+01,
1.063000000000000078e+01,
1.084999999999999964e+01,
1.211999999999999922e+01,
1.225000000000000000e+01,
1.175999999999999979e+01,
1.200999999999999979e+01,
1.268999999999999950e+01,
1.274000000000000021e+01,
1.259999999999999964e+01,
1.225000000000000000e+01,
1.205000000000000071e+01,
1.217999999999999972e+01,
1.258999999999999986e+01,
1.310999999999999943e+01,
1.325999999999999979e+01,
1.316000000000000014e+01,
1.315000000000000036e+01,
1.333000000000000007e+01,
1.325000000000000000e+01,
1.309999999999999964e+01,
1.323000000000000043e+01,
1.375999999999999979e+01,
1.415000000000000036e+01,
1.439000000000000057e+01,
1.465000000000000036e+01,
1.503999999999999915e+01,
1.525999999999999979e+01,
1.542999999999999972e+01,
1.550999999999999979e+01,
1.549000000000000021e+01,
1.549000000000000021e+01,
1.581000000000000050e+01,
1.632999999999999829e+01,
1.664999999999999858e+01,
1.687000000000000099e+01,
1.696999999999999886e+01,
1.687000000000000099e+01,
1.683999999999999986e+01,
1.714999999999999858e+01,
1.757000000000000028e+01,
1.546000000000000085e+01,
1.599000000000000021e+01,
1.935000000000000142e+01,
1.402999999999999936e+01,
1.783999999999999986e+01,
2.026000000000000156e+01,
1.568999999999999950e+01,
1.698000000000000043e+01,
1.928999999999999915e+01,
1.750000000000000000e+01,
1.967000000000000171e+01,
1.842999999999999972e+01,
1.960999999999999943e+01,
1.869000000000000128e+01,
1.896000000000000085e+01,
1.878999999999999915e+01,
1.907999999999999829e+01,
1.896000000000000085e+01,
1.898999999999999844e+01,
1.880000000000000071e+01,
1.900000000000000000e+01,
1.882000000000000028e+01,
1.900000000000000000e+01,
1.892999999999999972e+01,
1.932999999999999829e+01,
1.935000000000000142e+01,
1.994000000000000128e+01,
2.007999999999999829e+01,
2.057000000000000028e+01,
2.050000000000000000e+01,
2.066000000000000014e+01,
2.062999999999999901e+01,
2.044999999999999929e+01,
1.996000000000000085e+01,
1.883999999999999986e+01,
1.810000000000000142e+01,
1.832000000000000028e+01,
1.917999999999999972e+01,
1.919999999999999929e+01,
1.903999999999999915e+01,
1.878000000000000114e+01,
2.023000000000000043e+01,
2.010999999999999943e+01,
1.858999999999999986e+01,
1.998000000000000043e+01,
1.869999999999999929e+01,
1.878999999999999915e+01,
1.876999999999999957e+01,
1.887999999999999901e+01,
1.889999999999999858e+01,
1.869000000000000128e+01,
1.817000000000000171e+01,
1.842999999999999972e+01,
2.021999999999999886e+01,
2.032000000000000028e+01,
2.037999999999999901e+01,
2.055999999999999872e+01,
2.042999999999999972e+01,
2.039000000000000057e+01,
2.014000000000000057e+01,
2.001999999999999957e+01,
2.005999999999999872e+01,
2.010000000000000142e+01,
2.012000000000000099e+01,
2.026000000000000156e+01,
2.057000000000000028e+01,
2.055999999999999872e+01,
1.967000000000000171e+01,
1.976000000000000156e+01,
1.978999999999999915e+01,
1.978999999999999915e+01,
1.971000000000000085e+01,
1.964000000000000057e+01,
1.958999999999999986e+01,
1.957999999999999829e+01,
1.957000000000000028e+01,
1.955000000000000071e+01,
1.944999999999999929e+01,
1.928999999999999915e+01,
1.917000000000000171e+01,
1.898999999999999844e+01,
8.380000000000000782e+00,
7.839999999999999858e+00,
8.640000000000000568e+00,
8.519999999999999574e+00,
8.830000000000000071e+00,
8.570000000000000284e+00,
8.880000000000000782e+00,
8.480000000000000426e+00,
8.359999999999999432e+00,
8.230000000000000426e+00,
8.130000000000000782e+00,
8.089999999999999858e+00,
8.039999999999999147e+00,
8.080000000000000071e+00,
8.189999999999999503e+00,
8.380000000000000782e+00,
8.660000000000000142e+00,
8.839999999999999858e+00,
8.990000000000000213e+00,
9.539999999999999147e+00,
9.619999999999999218e+00,
9.150000000000000355e+00,
9.359999999999999432e+00,
1.001999999999999957e+01,
1.016000000000000014e+01,
1.032000000000000028e+01,
1.060999999999999943e+01,
1.080000000000000071e+01,
1.050999999999999979e+01,
1.047000000000000064e+01,
1.051999999999999957e+01,
1.051999999999999957e+01,
1.051999999999999957e+01,
1.065000000000000036e+01,
1.088000000000000078e+01,
1.108000000000000007e+01,
1.236999999999999922e+01,
1.241999999999999993e+01,
1.198000000000000043e+01,
1.202999999999999936e+01,
1.283000000000000007e+01,
1.215000000000000036e+01,
1.242999999999999972e+01,
1.221000000000000085e+01,
1.227999999999999936e+01,
1.263000000000000078e+01,
1.314000000000000057e+01,
1.328999999999999915e+01,
1.318999999999999950e+01,
1.316999999999999993e+01,
1.335999999999999943e+01,
1.327999999999999936e+01,
1.310999999999999943e+01,
1.323000000000000043e+01,
1.375999999999999979e+01,
1.416000000000000014e+01,
1.440000000000000036e+01,
1.465000000000000036e+01,
1.503999999999999915e+01,
1.525999999999999979e+01,
1.542999999999999972e+01,
1.551999999999999957e+01,
1.549000000000000021e+01,
1.550000000000000000e+01,
1.582000000000000028e+01,
1.632999999999999829e+01,
1.463000000000000078e+01,
1.698999999999999844e+01,
1.505000000000000071e+01,
1.551999999999999957e+01,
1.583999999999999986e+01,
1.642999999999999972e+01,
1.685000000000000142e+01,
1.728999999999999915e+01,
1.566999999999999993e+01,
1.682999999999999829e+01,
1.880999999999999872e+01,
1.837999999999999901e+01,
1.944000000000000128e+01,
1.792999999999999972e+01,
1.842999999999999972e+01,
1.898999999999999844e+01,
1.866000000000000014e+01,
1.978999999999999915e+01,
1.892999999999999972e+01,
1.914000000000000057e+01,
1.894999999999999929e+01,
1.905000000000000071e+01,
1.892000000000000171e+01,
1.917999999999999972e+01,
1.908999999999999986e+01,
1.905000000000000071e+01,
1.883999999999999986e+01,
1.892999999999999972e+01,
1.882999999999999829e+01,
1.882999999999999829e+01,
1.901000000000000156e+01,
1.928000000000000114e+01,
1.944999999999999929e+01,
1.983999999999999986e+01,
2.012999999999999901e+01,
2.023999999999999844e+01,
2.089000000000000057e+01,
2.128999999999999915e+01,
2.296999999999999886e+01,
2.253999999999999915e+01,
1.992999999999999972e+01,
1.887999999999999901e+01,
1.812999999999999901e+01,
1.823999999999999844e+01,
1.848999999999999844e+01,
1.875000000000000000e+01,
1.875000000000000000e+01,
1.869999999999999929e+01,
1.846000000000000085e+01,
1.871000000000000085e+01,
1.883999999999999986e+01,
1.887999999999999901e+01,
1.898000000000000043e+01,
1.907999999999999829e+01,
1.896000000000000085e+01,
1.912000000000000099e+01,
1.917999999999999972e+01,
1.873000000000000043e+01,
1.798000000000000043e+01,
1.842000000000000171e+01,
1.928999999999999915e+01,
1.907999999999999829e+01,
1.992000000000000171e+01,
1.941000000000000014e+01,
1.985000000000000142e+01,
1.944999999999999929e+01,
1.962999999999999901e+01,
1.967999999999999972e+01,
1.967000000000000171e+01,
1.971000000000000085e+01,
1.982000000000000028e+01,
1.994999999999999929e+01,
2.005999999999999872e+01,
2.030000000000000071e+01,
2.037999999999999901e+01,
2.026000000000000156e+01,
2.041000000000000014e+01,
2.048000000000000043e+01,
2.023999999999999844e+01,
1.998000000000000043e+01,
1.982000000000000028e+01,
1.992000000000000171e+01,
1.985000000000000142e+01,
1.980000000000000071e+01,
1.967999999999999972e+01,
1.948000000000000043e+01,
1.919999999999999929e+01,
1.926999999999999957e+01,
8.380000000000000782e+00,
7.839999999999999858e+00,
8.640000000000000568e+00,
8.519999999999999574e+00,
8.830000000000000071e+00,
8.570000000000000284e+00,
8.880000000000000782e+00,
8.480000000000000426e+00,
8.359999999999999432e+00,
8.230000000000000426e+00,
8.130000000000000782e+00,
8.089999999999999858e+00,
8.039999999999999147e+00,
8.080000000000000071e+00,
8.189999999999999503e+00,
8.380000000000000782e+00,
8.660000000000000142e+00,
8.839999999999999858e+00,
8.990000000000000213e+00,
9.539999999999999147e+00,
9.619999999999999218e+00,
9.150000000000000355e+00,
9.359999999999999432e+00,
1.001999999999999957e+01,
1.016000000000000014e+01,
1.032000000000000028e+01,
1.060999999999999943e+01,
1.080000000000000071e+01,
1.050999999999999979e+01,
1.047000000000000064e+01,
1.051999999999999957e+01,
1.051999999999999957e+01,
1.051999999999999957e+01,
1.065000000000000036e+01,
1.088000000000000078e+01,
1.108000000000000007e+01,
1.236999999999999922e+01,
1.241999999999999993e+01,
1.198000000000000043e+01,
1.202999999999999936e+01,
1.283000000000000007e+01,
1.215000000000000036e+01,
1.242999999999999972e+01,
1.221000000000000085e+01,
1.227999999999999936e+01,
1.263000000000000078e+01,
1.314000000000000057e+01,
1.328999999999999915e+01,
1.318999999999999950e+01,
1.316999999999999993e+01,
1.335999999999999943e+01,
1.327999999999999936e+01,
1.310999999999999943e+01,
1.323000000000000043e+01,
1.375999999999999979e+01,
1.416000000000000014e+01,
1.440000000000000036e+01,
1.465000000000000036e+01,
1.503999999999999915e+01,
1.525999999999999979e+01,
1.542999999999999972e+01,
1.551999999999999957e+01,
1.549000000000000021e+01,
1.550000000000000000e+01,
1.582000000000000028e+01,
1.632999999999999829e+01,
1.463000000000000078e+01,
1.698999999999999844e+01,
1.505000000000000071e+01,
1.551999999999999957e+01,
1.583999999999999986e+01,
1.642999999999999972e+01,
1.685000000000000142e+01,
1.728999999999999915e+01,
1.566999999999999993e+01,
1.682999999999999829e+01,
1.880999999999999872e+01,
1.767000000000000171e+01,
1.941000000000000014e+01,
1.862000000000000099e+01,
1.960000000000000142e+01,
1.857000000000000028e+01,
1.967000000000000171e+01,
1.876000000000000156e+01,
1.907999999999999829e+01,
1.898000000000000043e+01,
1.905999999999999872e+01,
1.889000000000000057e+01,
1.903999999999999915e+01,
1.907000000000000028e+01,
1.910000000000000142e+01,
1.898000000000000043e+01,
1.887999999999999901e+01,
1.894000000000000128e+01,
1.883999999999999986e+01,
1.885999999999999943e+01,
1.901000000000000156e+01,
1.926999999999999957e+01,
1.942999999999999972e+01,
1.983999999999999986e+01,
1.989000000000000057e+01,
2.023999999999999844e+01,
2.089999999999999858e+01,
2.091000000000000014e+01,
2.300000000000000000e+01,
2.257999999999999829e+01,
1.992999999999999972e+01,
1.887999999999999901e+01,
1.814000000000000057e+01,
1.825000000000000000e+01,
1.850000000000000000e+01,
1.876000000000000156e+01,
1.876999999999999957e+01,
1.869999999999999929e+01,
1.851999999999999957e+01,
1.871000000000000085e+01,
1.885000000000000142e+01,
1.889000000000000057e+01,
1.898999999999999844e+01,
1.910000000000000142e+01,
1.896000000000000085e+01,
1.912999999999999901e+01,
1.919000000000000128e+01,
1.871999999999999886e+01,
1.798000000000000043e+01,
1.842999999999999972e+01,
1.930999999999999872e+01,
1.908999999999999986e+01,
1.992999999999999972e+01,
1.942000000000000171e+01,
1.985000000000000142e+01,
1.944999999999999929e+01,
1.962999999999999901e+01,
1.969000000000000128e+01,
1.967999999999999972e+01,
1.971999999999999886e+01,
1.982999999999999829e+01,
1.996000000000000085e+01,
2.007000000000000028e+01,
2.030999999999999872e+01,
2.039000000000000057e+01,
2.026999999999999957e+01,
2.041000000000000014e+01,
2.048999999999999844e+01,
2.025000000000000000e+01,
2.241000000000000014e+01,
1.978999999999999915e+01,
1.973000000000000043e+01,
1.973999999999999844e+01,
1.971999999999999886e+01,
1.962000000000000099e+01,
1.937999999999999901e+01,
1.923999999999999844e+01,
1.925000000000000000e+01,
8.380000000000000782e+00,
7.839999999999999858e+00,
8.640000000000000568e+00,
8.519999999999999574e+00,
8.830000000000000071e+00,
8.570000000000000284e+00,
8.880000000000000782e+00,
8.480000000000000426e+00,
8.359999999999999432e+00,
8.230000000000000426e+00,
8.130000000000000782e+00,
8.089999999999999858e+00,
8.039999999999999147e+00,
8.080000000000000071e+00,
8.189999999999999503e+00,
8.380000000000000782e+00,
8.660000000000000142e+00,
8.839999999999999858e+00,
8.990000000000000213e+00,
9.539999999999999147e+00,
9.619999999999999218e+00,
9.150000000000000355e+00,
9.359999999999999432e+00,
1.001999999999999957e+01,
1.016000000000000014e+01,
1.032000000000000028e+01,
1.060999999999999943e+01,
1.080000000000000071e+01,
1.050999999999999979e+01,
1.047000000000000064e+01,
1.051999999999999957e+01,
1.051999999999999957e+01,
1.051999999999999957e+01,
1.065000000000000036e+01,
1.088000000000000078e+01,
1.108000000000000007e+01,
1.236999999999999922e+01,
1.241999999999999993e+01,
1.198000000000000043e+01,
1.268999999999999950e+01,
1.272000000000000064e+01,
1.258999999999999986e+01,
1.224000000000000021e+01,
1.205000000000000071e+01,
1.217999999999999972e+01,
1.258999999999999986e+01,
1.310999999999999943e+01,
1.325999999999999979e+01,
1.316000000000000014e+01,
1.315000000000000036e+01,
1.333000000000000007e+01,
1.325000000000000000e+01,
1.309999999999999964e+01,
1.323000000000000043e+01,
1.375999999999999979e+01,
1.415000000000000036e+01,
1.439000000000000057e+01,
1.464000000000000057e+01,
1.503999999999999915e+01,
1.525999999999999979e+01,
1.542999999999999972e+01,
1.550999999999999979e+01,
1.549000000000000021e+01,
1.549000000000000021e+01,
1.581000000000000050e+01,
1.632999999999999829e+01,
1.664999999999999858e+01,
1.687000000000000099e+01,
1.696999999999999886e+01,
1.687000000000000099e+01,
1.683999999999999986e+01,
1.714999999999999858e+01,
1.757000000000000028e+01,
1.546000000000000085e+01,
1.598000000000000043e+01,
1.644999999999999929e+01,
1.465000000000000036e+01,
1.607999999999999829e+01,
2.039000000000000057e+01,
1.710000000000000142e+01,
1.778999999999999915e+01,
1.848999999999999844e+01,
1.860000000000000142e+01,
1.880000000000000071e+01,
1.896000000000000085e+01,
1.903000000000000114e+01,
1.896000000000000085e+01,
1.892999999999999972e+01,
1.896999999999999886e+01,
1.914000000000000057e+01,
1.912999999999999901e+01,
1.898999999999999844e+01,
1.889000000000000057e+01,
1.896000000000000085e+01,
1.887000000000000099e+01,
1.887999999999999901e+01,
1.903000000000000114e+01,
1.928999999999999915e+01,
1.964999999999999858e+01,
1.987000000000000099e+01,
2.012999999999999901e+01,
2.046999999999999886e+01,
2.319000000000000128e+01,
2.283999999999999986e+01,
2.037000000000000099e+01,
2.032000000000000028e+01,
2.178000000000000114e+01,
2.169999999999999929e+01,
1.805999999999999872e+01,
1.807000000000000028e+01,
1.837999999999999901e+01,
1.867999999999999972e+01,
1.867999999999999972e+01,
1.867000000000000171e+01,
1.862000000000000099e+01,
1.869000000000000128e+01,
1.873999999999999844e+01,
1.882000000000000028e+01,
1.889000000000000057e+01,
1.901999999999999957e+01,
1.892999999999999972e+01,
1.907999999999999829e+01,
1.914999999999999858e+01,
1.873999999999999844e+01,
1.794999999999999929e+01,
1.835999999999999943e+01,
1.880000000000000071e+01,
1.926000000000000156e+01,
1.953000000000000114e+01,
1.975000000000000000e+01,
1.953000000000000114e+01,
1.960999999999999943e+01,
1.969999999999999929e+01,
1.971999999999999886e+01,
1.967999999999999972e+01,
1.971000000000000085e+01,
1.982000000000000028e+01,
1.992999999999999972e+01,
2.003000000000000114e+01,
2.005000000000000071e+01,
2.037999999999999901e+01,
2.048999999999999844e+01,
2.035000000000000142e+01,
2.026999999999999957e+01,
2.026000000000000156e+01,
1.996000000000000085e+01,
1.978000000000000114e+01,
1.982000000000000028e+01,
1.987000000000000099e+01,
1.980999999999999872e+01,
1.967999999999999972e+01,
1.948000000000000043e+01,
1.919999999999999929e+01,
1.928000000000000114e+01,
8.380000000000000782e+00,
7.839999999999999858e+00,
8.640000000000000568e+00,
8.519999999999999574e+00,
8.830000000000000071e+00,
8.570000000000000284e+00,
8.880000000000000782e+00,
8.480000000000000426e+00,
8.359999999999999432e+00,
8.230000000000000426e+00,
8.130000000000000782e+00,
8.089999999999999858e+00,
8.039999999999999147e+00,
8.080000000000000071e+00,
8.189999999999999503e+00,
8.380000000000000782e+00,
8.660000000000000142e+00,
8.839999999999999858e+00,
8.990000000000000213e+00,
9.539999999999999147e+00,
9.619999999999999218e+00,
9.150000000000000355e+00,
9.359999999999999432e+00,
1.001999999999999957e+01,
1.016000000000000014e+01,
1.032000000000000028e+01,
1.060999999999999943e+01,
1.080000000000000071e+01,
1.050999999999999979e+01,
1.047000000000000064e+01,
1.051999999999999957e+01,
1.051999999999999957e+01,
1.051999999999999957e+01,
1.065000000000000036e+01,
1.088000000000000078e+01,
1.108000000000000007e+01,
1.236999999999999922e+01,
1.241999999999999993e+01,
1.248000000000000043e+01,
1.266999999999999993e+01,
1.266999999999999993e+01,
1.250000000000000000e+01,
1.216000000000000014e+01,
1.199000000000000021e+01,
1.166000000000000014e+01,
1.205000000000000071e+01,
1.313000000000000078e+01,
1.330000000000000071e+01,
1.322000000000000064e+01,
1.318999999999999950e+01,
1.335999999999999943e+01,
1.328999999999999915e+01,
1.314000000000000057e+01,
1.324000000000000021e+01,
1.375999999999999979e+01,
1.416000000000000014e+01,
1.441000000000000014e+01,
1.466000000000000014e+01,
1.505000000000000071e+01,
1.526999999999999957e+01,
1.543999999999999950e+01,
1.551999999999999957e+01,
1.549000000000000021e+01,
1.550000000000000000e+01,
1.582000000000000028e+01,
1.632999999999999829e+01,
1.500000000000000000e+01,
1.698999999999999844e+01,
1.503999999999999915e+01,
1.550999999999999979e+01,
1.584999999999999964e+01,
1.642999999999999972e+01,
1.685000000000000142e+01,
1.728999999999999915e+01,
1.755000000000000071e+01,
1.821000000000000085e+01,
1.855000000000000071e+01,
1.880999999999999872e+01,
1.866000000000000014e+01,
1.876999999999999957e+01,
1.876999999999999957e+01,
1.910000000000000142e+01,
1.928999999999999915e+01,
1.939000000000000057e+01,
1.937000000000000099e+01,
1.930000000000000071e+01,
1.939000000000000057e+01,
1.933999999999999986e+01,
1.919000000000000128e+01,
1.941000000000000014e+01,
1.937999999999999901e+01,
1.926000000000000156e+01,
1.926000000000000156e+01,
1.946999999999999886e+01,
1.910000000000000142e+01,
1.916000000000000014e+01,
1.939000000000000057e+01,
1.960999999999999943e+01,
2.000000000000000000e+01,
2.025000000000000000e+01,
2.039999999999999858e+01,
2.046000000000000085e+01,
2.062000000000000099e+01,
2.042999999999999972e+01,
2.055999999999999872e+01,
1.830000000000000071e+01,
1.891000000000000014e+01,
1.844000000000000128e+01,
1.794999999999999929e+01,
1.803000000000000114e+01,
1.841000000000000014e+01,
1.873999999999999844e+01,
1.898999999999999844e+01,
1.867999999999999972e+01,
1.860999999999999943e+01,
1.871000000000000085e+01,
1.883999999999999986e+01,
1.887999999999999901e+01,
1.912000000000000099e+01,
1.907000000000000028e+01,
1.896000000000000085e+01,
1.910999999999999943e+01,
1.919999999999999929e+01,
1.873999999999999844e+01,
1.796999999999999886e+01,
1.841000000000000014e+01,
1.883999999999999986e+01,
1.928999999999999915e+01,
1.957000000000000028e+01,
1.951999999999999957e+01,
1.953999999999999915e+01,
1.960999999999999943e+01,
1.971999999999999886e+01,
1.973000000000000043e+01,
1.969999999999999929e+01,
1.973999999999999844e+01,
1.983999999999999986e+01,
1.994999999999999929e+01,
2.005999999999999872e+01,
2.007000000000000028e+01,
2.019999999999999929e+01,
2.033999999999999986e+01,
2.046000000000000085e+01,
2.035000000000000142e+01,
2.016000000000000014e+01,
1.998000000000000043e+01,
1.992000000000000171e+01,
1.989999999999999858e+01,
1.985000000000000142e+01,
1.980000000000000071e+01,
1.964000000000000057e+01,
1.939000000000000057e+01,
1.930000000000000071e+01,
1.933999999999999986e+01,
8.380000000000000782e+00,
7.839999999999999858e+00,
8.640000000000000568e+00,
8.519999999999999574e+00,
8.830000000000000071e+00,
8.570000000000000284e+00,
8.880000000000000782e+00,
8.480000000000000426e+00,
8.359999999999999432e+00,
8.230000000000000426e+00,
8.130000000000000782e+00,
8.089999999999999858e+00,
8.039999999999999147e+00,
8.080000000000000071e+00,
8.189999999999999503e+00,
8.380000000000000782e+00,
8.660000000000000142e+00,
8.839999999999999858e+00,
8.990000000000000213e+00,
9.539999999999999147e+00,
9.619999999999999218e+00,
9.150000000000000355e+00,
9.359999999999999432e+00,
1.001999999999999957e+01,
1.016000000000000014e+01,
1.032000000000000028e+01,
1.060999999999999943e+01,
1.080000000000000071e+01,
1.050999999999999979e+01,
1.047000000000000064e+01,
1.051999999999999957e+01,
1.051999999999999957e+01,
1.051999999999999957e+01,
1.065000000000000036e+01,
1.088000000000000078e+01,
1.108000000000000007e+01,
1.236999999999999922e+01,
1.241999999999999993e+01,
1.248000000000000043e+01,
1.266999999999999993e+01,
1.266999999999999993e+01,
1.250000000000000000e+01,
1.216000000000000014e+01,
1.199000000000000021e+01,
1.166000000000000014e+01,
1.205000000000000071e+01,
1.313000000000000078e+01,
1.330000000000000071e+01,
1.322000000000000064e+01,
1.318999999999999950e+01,
1.335999999999999943e+01,
1.328999999999999915e+01,
1.314000000000000057e+01,
1.324000000000000021e+01,
1.375999999999999979e+01,
1.416000000000000014e+01,
1.441000000000000014e+01,
1.466000000000000014e+01,
1.505000000000000071e+01,
1.526999999999999957e+01,
1.543999999999999950e+01,
1.551999999999999957e+01,
1.549000000000000021e+01,
1.550000000000000000e+01,
1.582000000000000028e+01,
1.632999999999999829e+01,
1.500000000000000000e+01,
1.698999999999999844e+01,
1.503999999999999915e+01,
1.550999999999999979e+01,
1.584999999999999964e+01,
1.642999999999999972e+01,
1.685000000000000142e+01,
1.728999999999999915e+01,
1.755000000000000071e+01,
1.821000000000000085e+01,
1.855000000000000071e+01,
1.880999999999999872e+01,
1.866000000000000014e+01,
1.876999999999999957e+01,
1.876999999999999957e+01,
1.910000000000000142e+01,
1.928999999999999915e+01,
1.939000000000000057e+01,
1.937000000000000099e+01,
1.930000000000000071e+01,
1.939000000000000057e+01,
1.933999999999999986e+01,
1.919000000000000128e+01,
1.941000000000000014e+01,
1.937999999999999901e+01,
1.926000000000000156e+01,
1.926000000000000156e+01,
1.946999999999999886e+01,
1.910000000000000142e+01,
1.916000000000000014e+01,
1.939000000000000057e+01,
1.960999999999999943e+01,
2.000000000000000000e+01,
2.025000000000000000e+01,
2.039999999999999858e+01,
2.046000000000000085e+01,
2.062000000000000099e+01,
2.042999999999999972e+01,
2.055999999999999872e+01,
1.830000000000000071e+01,
1.891000000000000014e+01,
1.844000000000000128e+01,
1.794999999999999929e+01,
1.803000000000000114e+01,
1.841000000000000014e+01,
1.873999999999999844e+01,
1.898999999999999844e+01,
1.867999999999999972e+01,
1.860999999999999943e+01,
1.871000000000000085e+01,
1.883999999999999986e+01,
1.887999999999999901e+01,
1.912000000000000099e+01,
1.907000000000000028e+01,
1.896000000000000085e+01,
1.910999999999999943e+01,
1.919999999999999929e+01,
1.873999999999999844e+01,
1.796999999999999886e+01,
1.841000000000000014e+01,
1.883999999999999986e+01,
1.928999999999999915e+01,
1.957000000000000028e+01,
1.951999999999999957e+01,
1.953999999999999915e+01,
1.960999999999999943e+01,
1.971999999999999886e+01,
1.973000000000000043e+01,
1.969999999999999929e+01,
1.973999999999999844e+01,
1.983999999999999986e+01,
1.994999999999999929e+01,
2.005999999999999872e+01,
2.007000000000000028e+01,
2.019999999999999929e+01,
2.033999999999999986e+01,
2.046000000000000085e+01,
2.035000000000000142e+01,
2.016000000000000014e+01,
1.998000000000000043e+01,
1.992000000000000171e+01,
1.989999999999999858e+01,
1.985000000000000142e+01,
1.980000000000000071e+01,
1.964000000000000057e+01,
1.939000000000000057e+01,
1.930000000000000071e+01,
1.933999999999999986e+01,
8.380000000000000782e+00,
7.839999999999999858e+00,
8.640000000000000568e+00,
8.519999999999999574e+00,
8.830000000000000071e+00,
8.570000000000000284e+00,
8.880000000000000782e+00,
8.480000000000000426e+00,
8.359999999999999432e+00,
8.230000000000000426e+00,
8.130000000000000782e+00,
8.089999999999999858e+00,
8.039999999999999147e+00,
8.080000000000000071e+00,
8.189999999999999503e+00,
8.380000000000000782e+00,
8.660000000000000142e+00,
8.839999999999999858e+00,
8.990000000000000213e+00,
9.539999999999999147e+00,
9.619999999999999218e+00,
9.150000000000000355e+00,
9.359999999999999432e+00,
1.001999999999999957e+01,
1.016000000000000014e+01,
1.032000000000000028e+01,
1.060999999999999943e+01,
1.080000000000000071e+01,
1.050999999999999979e+01,
1.047000000000000064e+01,
1.051999999999999957e+01,
1.051999999999999957e+01,
1.051999999999999957e+01,
1.065000000000000036e+01,
1.088000000000000078e+01,
1.108000000000000007e+01,
1.236999999999999922e+01,
1.241999999999999993e+01,
1.248000000000000043e+01,
1.266999999999999993e+01,
1.266999999999999993e+01,
1.250000000000000000e+01,
1.216000000000000014e+01,
1.199000000000000021e+01,
1.166000000000000014e+01,
1.205000000000000071e+01,
1.313000000000000078e+01,
1.330000000000000071e+01,
1.322000000000000064e+01,
1.318999999999999950e+01,
1.335999999999999943e+01,
1.328999999999999915e+01,
1.314000000000000057e+01,
1.324000000000000021e+01,
1.375999999999999979e+01,
1.416000000000000014e+01,
1.441000000000000014e+01,
1.466000000000000014e+01,
1.505000000000000071e+01,
1.526999999999999957e+01,
1.543999999999999950e+01,
1.551999999999999957e+01,
1.549000000000000021e+01,
1.550000000000000000e+01,
1.582000000000000028e+01,
1.632999999999999829e+01,
1.500000000000000000e+01,
1.698999999999999844e+01,
1.503999999999999915e+01,
1.550999999999999979e+01,
1.584999999999999964e+01,
1.642999999999999972e+01,
1.685000000000000142e+01,
1.728999999999999915e+01,
1.755000000000000071e+01,
1.821000000000000085e+01,
1.855000000000000071e+01,
1.880999999999999872e+01,
1.866000000000000014e+01,
1.876999999999999957e+01,
1.876999999999999957e+01,
1.910000000000000142e+01,
1.928999999999999915e+01,
1.939000000000000057e+01,
1.937000000000000099e+01,
1.930000000000000071e+01,
1.939000000000000057e+01,
1.933999999999999986e+01,
1.919000000000000128e+01,
1.941000000000000014e+01,
1.937999999999999901e+01,
1.926000000000000156e+01,
1.926000000000000156e+01,
1.946999999999999886e+01,
1.910000000000000142e+01,
1.916000000000000014e+01,
1.939000000000000057e+01,
1.960999999999999943e+01,
2.000000000000000000e+01,
2.025000000000000000e+01,
2.039999999999999858e+01,
2.046000000000000085e+01,
2.062000000000000099e+01,
2.042999999999999972e+01,
2.055999999999999872e+01,
1.980000000000000071e+01,
1.953999999999999915e+01,
1.746999999999999886e+01,
1.773999999999999844e+01,
1.791000000000000014e+01,
1.869999999999999929e+01,
1.848000000000000043e+01,
1.980000000000000071e+01,
1.853999999999999915e+01,
1.867000000000000171e+01,
1.832999999999999829e+01,
1.891000000000000014e+01,
1.871999999999999886e+01,
1.907000000000000028e+01,
1.883999999999999986e+01,
1.905999999999999872e+01,
1.889000000000000057e+01,
1.892000000000000171e+01,
1.873000000000000043e+01,
1.794000000000000128e+01,
1.835999999999999943e+01,
1.878000000000000114e+01,
1.923000000000000043e+01,
1.973000000000000043e+01,
1.948000000000000043e+01,
1.951000000000000156e+01,
1.958999999999999986e+01,
1.969999999999999929e+01,
1.971000000000000085e+01,
1.969000000000000128e+01,
1.971999999999999886e+01,
1.982000000000000028e+01,
1.992999999999999972e+01,
2.003000000000000114e+01,
2.005000000000000071e+01,
2.019000000000000128e+01,
2.032999999999999829e+01,
2.044000000000000128e+01,
2.033999999999999986e+01,
2.016000000000000014e+01,
1.998000000000000043e+01,
1.992000000000000171e+01,
1.989999999999999858e+01,
1.985000000000000142e+01,
1.980000000000000071e+01,
1.964999999999999858e+01,
1.939000000000000057e+01,
1.930000000000000071e+01,
1.933999999999999986e+01,
8.380000000000000782e+00,
7.839999999999999858e+00,
8.640000000000000568e+00,
8.519999999999999574e+00,
8.830000000000000071e+00,
8.570000000000000284e+00,
8.880000000000000782e+00,
8.480000000000000426e+00,
8.359999999999999432e+00,
8.230000000000000426e+00,
8.130000000000000782e+00,
8.089999999999999858e+00,
8.039999999999999147e+00,
8.080000000000000071e+00,
8.189999999999999503e+00,
8.380000000000000782e+00,
8.660000000000000142e+00,
8.839999999999999858e+00,
8.990000000000000213e+00,
9.539999999999999147e+00,
9.619999999999999218e+00,
9.150000000000000355e+00,
9.359999999999999432e+00,
1.001999999999999957e+01,
1.016000000000000014e+01,
1.032000000000000028e+01,
1.060999999999999943e+01,
1.080000000000000071e+01,
1.050999999999999979e+01,
1.047000000000000064e+01,
1.051999999999999957e+01,
1.051999999999999957e+01,
1.051999999999999957e+01,
1.065000000000000036e+01,
1.088000000000000078e+01,
1.108000000000000007e+01,
1.236999999999999922e+01,
1.241999999999999993e+01,
1.248000000000000043e+01,
1.266999999999999993e+01,
1.266999999999999993e+01,
1.250000000000000000e+01,
1.216000000000000014e+01,
1.199000000000000021e+01,
1.166000000000000014e+01,
1.205000000000000071e+01,
1.313000000000000078e+01,
1.330000000000000071e+01,
1.322000000000000064e+01,
1.318999999999999950e+01,
1.335999999999999943e+01,
1.328999999999999915e+01,
1.314000000000000057e+01,
1.324000000000000021e+01,
1.375999999999999979e+01,
1.416000000000000014e+01,
1.441000000000000014e+01,
1.466000000000000014e+01,
1.505000000000000071e+01,
1.526999999999999957e+01,
1.543999999999999950e+01,
1.551999999999999957e+01,
1.549000000000000021e+01,
1.550000000000000000e+01,
1.582000000000000028e+01,
1.632999999999999829e+01,
1.500000000000000000e+01,
1.698999999999999844e+01,
1.503999999999999915e+01,
1.550999999999999979e+01,
1.584999999999999964e+01,
1.642999999999999972e+01,
1.685000000000000142e+01,
1.728999999999999915e+01,
1.755000000000000071e+01,
1.821000000000000085e+01,
1.855000000000000071e+01,
1.880999999999999872e+01,
1.866000000000000014e+01,
1.876999999999999957e+01,
1.876999999999999957e+01,
1.910000000000000142e+01,
1.928999999999999915e+01,
1.939000000000000057e+01,
1.937000000000000099e+01,
1.930000000000000071e+01,
1.939000000000000057e+01,
1.933999999999999986e+01,
1.919000000000000128e+01,
1.941000000000000014e+01,
1.937999999999999901e+01,
1.926000000000000156e+01,
1.926000000000000156e+01,
1.946999999999999886e+01,
1.910000000000000142e+01,
1.916000000000000014e+01,
1.939000000000000057e+01,
1.960999999999999943e+01,
2.000000000000000000e+01,
2.025000000000000000e+01,
2.039999999999999858e+01,
2.046000000000000085e+01,
2.062000000000000099e+01,
2.042999999999999972e+01,
2.055999999999999872e+01,
2.048999999999999844e+01,
1.971999999999999886e+01,
1.932000000000000028e+01,
1.680999999999999872e+01,
1.930000000000000071e+01,
1.789000000000000057e+01,
1.964999999999999858e+01,
1.839000000000000057e+01,
1.962999999999999901e+01,
1.825000000000000000e+01,
1.966000000000000014e+01,
1.837999999999999901e+01,
1.967000000000000171e+01,
1.857999999999999829e+01,
1.989000000000000057e+01,
1.862999999999999901e+01,
1.869000000000000128e+01,
1.882000000000000028e+01,
1.878000000000000114e+01,
1.803000000000000114e+01,
1.807000000000000028e+01,
1.850000000000000000e+01,
1.885999999999999943e+01,
1.905000000000000071e+01,
1.914999999999999858e+01,
1.950000000000000000e+01,
1.950000000000000000e+01,
1.946999999999999886e+01,
1.964999999999999858e+01,
1.960000000000000142e+01,
1.960000000000000142e+01,
1.964000000000000057e+01,
1.973000000000000043e+01,
1.985999999999999943e+01,
1.991000000000000014e+01,
2.003999999999999915e+01,
2.017999999999999972e+01,
2.030000000000000071e+01,
2.023999999999999844e+01,
2.010999999999999943e+01,
1.994999999999999929e+01,
1.987999999999999901e+01,
1.985999999999999943e+01,
1.982000000000000028e+01,
1.978000000000000114e+01,
1.962999999999999901e+01,
1.937999999999999901e+01,
1.928000000000000114e+01,
1.932000000000000028e+01,
8.380000000000000782e+00,
7.839999999999999858e+00,
8.640000000000000568e+00,
8.519999999999999574e+00,
8.830000000000000071e+00,
8.570000000000000284e+00,
8.880000000000000782e+00,
8.480000000000000426e+00,
8.359999999999999432e+00,
8.230000000000000426e+00,
8.130000000000000782e+00,
8.089999999999999858e+00,
8.039999999999999147e+00,
8.080000000000000071e+00,
8.189999999999999503e+00,
8.380000000000000782e+00,
8.660000000000000142e+00,
8.839999999999999858e+00,
8.990000000000000213e+00,
9.539999999999999147e+00,
9.619999999999999218e+00,
9.150000000000000355e+00,
9.359999999999999432e+00,
1.001999999999999957e+01,
1.016000000000000014e+01,
1.032000000000000028e+01,
1.060999999999999943e+01,
1.080000000000000071e+01,
1.050999999999999979e+01,
1.047000000000000064e+01,
1.051999999999999957e+01,
1.051999999999999957e+01,
1.051999999999999957e+01,
1.065000000000000036e+01,
1.088000000000000078e+01,
1.108000000000000007e+01,
1.236999999999999922e+01,
1.241999999999999993e+01,
1.198000000000000043e+01,
1.268999999999999950e+01,
1.272000000000000064e+01,
1.258999999999999986e+01,
1.224000000000000021e+01,
1.205000000000000071e+01,
1.171000000000000085e+01,
1.257000000000000028e+01,
1.311999999999999922e+01,
1.328999999999999915e+01,
1.318999999999999950e+01,
1.316999999999999993e+01,
1.334999999999999964e+01,
1.327999999999999936e+01,
1.310999999999999943e+01,
1.323000000000000043e+01,
1.375999999999999979e+01,
1.416000000000000014e+01,
1.440000000000000036e+01,
1.465000000000000036e+01,
1.503999999999999915e+01,
1.526999999999999957e+01,
1.542999999999999972e+01,
1.550999999999999979e+01,
1.549000000000000021e+01,
1.550000000000000000e+01,
1.581000000000000050e+01,
1.632999999999999829e+01,
1.461999999999999922e+01,
1.698999999999999844e+01,
1.503999999999999915e+01,
1.550000000000000000e+01,
1.584999999999999964e+01,
1.642999999999999972e+01,
1.685000000000000142e+01,
1.728999999999999915e+01,
1.780000000000000071e+01,
1.794999999999999929e+01,
1.855999999999999872e+01,
1.851999999999999957e+01,
1.864999999999999858e+01,
1.876000000000000156e+01,
1.901000000000000156e+01,
1.910000000000000142e+01,
1.928999999999999915e+01,
1.939000000000000057e+01,
1.937000000000000099e+01,
1.930000000000000071e+01,
1.939000000000000057e+01,
1.933999999999999986e+01,
1.919000000000000128e+01,
1.941000000000000014e+01,
1.939000000000000057e+01,
1.926000000000000156e+01,
1.926000000000000156e+01,
1.946999999999999886e+01,
1.910000000000000142e+01,
1.916000000000000014e+01,
1.939000000000000057e+01,
1.960999999999999943e+01,
2.000000000000000000e+01,
2.025000000000000000e+01,
2.039999999999999858e+01,
2.046000000000000085e+01,
2.062000000000000099e+01,
2.042999999999999972e+01,
2.055999999999999872e+01,
1.841000000000000014e+01,
1.933999999999999986e+01,
1.846000000000000085e+01,
1.796000000000000085e+01,
1.803999999999999915e+01,
1.842000000000000171e+01,
1.875000000000000000e+01,
1.898000000000000043e+01,
1.869000000000000128e+01,
1.866000000000000014e+01,
1.871000000000000085e+01,
1.885000000000000142e+01,
1.887999999999999901e+01,
1.898000000000000043e+01,
1.896000000000000085e+01,
1.896000000000000085e+01,
1.912000000000000099e+01,
1.905000000000000071e+01,
1.873000000000000043e+01,
1.796999999999999886e+01,
1.841000000000000014e+01,
1.885000000000000142e+01,
1.928999999999999915e+01,
1.957000000000000028e+01,
1.951999999999999957e+01,
1.953999999999999915e+01,
1.960999999999999943e+01,
1.971999999999999886e+01,
1.973000000000000043e+01,
1.969999999999999929e+01,
1.973999999999999844e+01,
1.983999999999999986e+01,
1.994999999999999929e+01,
2.005999999999999872e+01,
2.007000000000000028e+01,
2.019999999999999929e+01,
2.033999999999999986e+01,
2.046000000000000085e+01,
2.035000000000000142e+01,
2.016000000000000014e+01,
1.998000000000000043e+01,
1.992000000000000171e+01,
1.989999999999999858e+01,
1.985000000000000142e+01,
1.980000000000000071e+01,
1.964000000000000057e+01,
1.939000000000000057e+01,
1.930000000000000071e+01,
1.933999999999999986e+01,
8.380000000000000782e+00,
7.839999999999999858e+00,
8.640000000000000568e+00,
8.519999999999999574e+00,
8.830000000000000071e+00,
8.570000000000000284e+00,
8.880000000000000782e+00,
8.480000000000000426e+00,
8.359999999999999432e+00,
8.230000000000000426e+00,
8.130000000000000782e+00,
8.089999999999999858e+00,
8.039999999999999147e+00,
8.080000000000000071e+00,
8.189999999999999503e+00,
8.380000000000000782e+00,
8.660000000000000142e+00,
8.839999999999999858e+00,
8.990000000000000213e+00,
9.539999999999999147e+00,
9.619999999999999218e+00,
9.150000000000000355e+00,
9.359999999999999432e+00,
1.001999999999999957e+01,
1.016000000000000014e+01,
1.032000000000000028e+01,
1.060999999999999943e+01,
1.080000000000000071e+01,
1.050999999999999979e+01,
1.047000000000000064e+01,
1.051999999999999957e+01,
1.051999999999999957e+01,
1.051999999999999957e+01,
1.065000000000000036e+01,
1.088000000000000078e+01,
1.108000000000000007e+01,
1.236999999999999922e+01,
1.241999999999999993e+01,
1.198000000000000043e+01,
1.268999999999999950e+01,
1.272000000000000064e+01,
1.258999999999999986e+01,
1.224000000000000021e+01,
1.205000000000000071e+01,
1.217999999999999972e+01,
1.258999999999999986e+01,
1.310999999999999943e+01,
1.325999999999999979e+01,
1.316000000000000014e+01,
1.315000000000000036e+01,
1.333000000000000007e+01,
1.325000000000000000e+01,
1.309999999999999964e+01,
1.323000000000000043e+01,
1.375999999999999979e+01,
1.415000000000000036e+01,
1.439000000000000057e+01,
1.464000000000000057e+01,
1.503999999999999915e+01,
1.525999999999999979e+01,
1.542999999999999972e+01,
1.550999999999999979e+01,
1.549000000000000021e+01,
1.549000000000000021e+01,
1.581000000000000050e+01,
1.632999999999999829e+01,
1.664999999999999858e+01,
1.687000000000000099e+01,
1.696999999999999886e+01,
1.687000000000000099e+01,
1.683999999999999986e+01,
1.714999999999999858e+01,
1.757000000000000028e+01,
1.546000000000000085e+01,
1.598000000000000043e+01,
1.644999999999999929e+01,
1.758999999999999986e+01,
1.766000000000000014e+01,
1.798999999999999844e+01,
1.826999999999999957e+01,
1.842999999999999972e+01,
1.894000000000000128e+01,
1.916000000000000014e+01,
1.928000000000000114e+01,
1.925000000000000000e+01,
1.921000000000000085e+01,
1.932999999999999829e+01,
1.930000000000000071e+01,
1.917000000000000171e+01,
1.937999999999999901e+01,
1.937000000000000099e+01,
1.923999999999999844e+01,
1.923999999999999844e+01,
1.946999999999999886e+01,
1.908999999999999986e+01,
1.917000000000000171e+01,
1.939999999999999858e+01,
1.962000000000000099e+01,
1.998999999999999844e+01,
2.023999999999999844e+01,
2.050000000000000000e+01,
2.046000000000000085e+01,
2.060999999999999943e+01,
2.041000000000000014e+01,
1.973000000000000043e+01,
1.989000000000000057e+01,
2.164999999999999858e+01,
2.139000000000000057e+01,
1.921000000000000085e+01,
1.910000000000000142e+01,
1.910000000000000142e+01,
1.916000000000000014e+01,
1.910000000000000142e+01,
1.898000000000000043e+01,
1.926000000000000156e+01,
1.926000000000000156e+01,
1.919000000000000128e+01,
1.907000000000000028e+01,
1.930999999999999872e+01,
1.925000000000000000e+01,
1.914000000000000057e+01,
1.901999999999999957e+01,
1.889000000000000057e+01,
1.903000000000000114e+01,
1.892000000000000171e+01,
1.901999999999999957e+01,
1.932999999999999829e+01,
1.944000000000000128e+01,
1.955000000000000071e+01,
1.966000000000000014e+01,
1.946999999999999886e+01,
1.953000000000000114e+01,
1.942999999999999972e+01,
1.937000000000000099e+01,
1.941000000000000014e+01,
1.957999999999999829e+01,
1.962000000000000099e+01,
1.989999999999999858e+01,
2.028999999999999915e+01,
2.030999999999999872e+01,
2.053000000000000114e+01,
2.035000000000000142e+01,
2.014000000000000057e+01,
2.007999999999999829e+01,
2.010999999999999943e+01,
2.012000000000000099e+01,
2.021999999999999886e+01,
2.008999999999999986e+01,
1.987000000000000099e+01,
1.985999999999999943e+01,
1.985999999999999943e+01,
1.971999999999999886e+01,
1.969000000000000128e+01,
1.966000000000000014e+01,
8.380000000000000782e+00,
7.839999999999999858e+00,
8.640000000000000568e+00,
8.519999999999999574e+00,
8.830000000000000071e+00,
8.570000000000000284e+00,
8.880000000000000782e+00,
8.480000000000000426e+00,
8.359999999999999432e+00,
8.230000000000000426e+00,
8.130000000000000782e+00,
8.089999999999999858e+00,
8.039999999999999147e+00,
8.080000000000000071e+00,
8.189999999999999503e+00,
8.380000000000000782e+00,
8.660000000000000142e+00,
8.839999999999999858e+00,
8.990000000000000213e+00,
9.539999999999999147e+00,
9.619999999999999218e+00,
9.150000000000000355e+00,
9.359999999999999432e+00,
1.001999999999999957e+01,
1.016000000000000014e+01,
1.032000000000000028e+01,
1.060999999999999943e+01,
1.080000000000000071e+01,
1.050999999999999979e+01,
1.047000000000000064e+01,
1.051999999999999957e+01,
1.051999999999999957e+01,
1.051999999999999957e+01,
1.065000000000000036e+01,
1.088000000000000078e+01,
1.108000000000000007e+01,
1.236999999999999922e+01,
1.241999999999999993e+01,
1.198000000000000043e+01,
1.202999999999999936e+01,
1.283000000000000007e+01,
1.266999999999999993e+01,
1.233000000000000007e+01,
1.213000000000000078e+01,
1.223000000000000043e+01,
1.259999999999999964e+01,
1.311999999999999922e+01,
1.327999999999999936e+01,
1.317999999999999972e+01,
1.316000000000000014e+01,
1.334999999999999964e+01,
1.325999999999999979e+01,
1.310999999999999943e+01,
1.323000000000000043e+01,
1.375999999999999979e+01,
1.416000000000000014e+01,
1.439000000000000057e+01,
1.465000000000000036e+01,
1.503999999999999915e+01,
1.525999999999999979e+01,
1.542999999999999972e+01,
1.551999999999999957e+01,
1.549000000000000021e+01,
1.550000000000000000e+01,
1.582000000000000028e+01,
1.632999999999999829e+01,
1.461999999999999922e+01,
1.698999999999999844e+01,
1.541999999999999993e+01,
1.509999999999999964e+01,
1.583999999999999986e+01,
1.642999999999999972e+01,
1.685000000000000142e+01,
1.728999999999999915e+01,
1.780000000000000071e+01,
1.819999999999999929e+01,
1.855000000000000071e+01,
1.880999999999999872e+01,
1.892999999999999972e+01,
1.876999999999999957e+01,
1.876999999999999957e+01,
1.910000000000000142e+01,
1.928999999999999915e+01,
1.939000000000000057e+01,
1.937000000000000099e+01,
1.930000000000000071e+01,
1.939000000000000057e+01,
1.933999999999999986e+01,
1.919000000000000128e+01,
1.941000000000000014e+01,
1.939000000000000057e+01,
1.926000000000000156e+01,
1.925000000000000000e+01,
1.946999999999999886e+01,
1.910000000000000142e+01,
1.916000000000000014e+01,
1.939000000000000057e+01,
1.960999999999999943e+01,
1.994000000000000128e+01,
2.025000000000000000e+01,
2.039999999999999858e+01,
2.046000000000000085e+01,
2.062000000000000099e+01,
1.964999999999999858e+01,
1.992000000000000171e+01,
1.869000000000000128e+01,
1.926000000000000156e+01,
1.851000000000000156e+01,
1.796000000000000085e+01,
1.807000000000000028e+01,
1.846999999999999886e+01,
1.880000000000000071e+01,
1.901999999999999957e+01,
1.869000000000000128e+01,
1.860999999999999943e+01,
1.875000000000000000e+01,
1.887999999999999901e+01,
1.892999999999999972e+01,
1.903999999999999915e+01,
1.900000000000000000e+01,
1.896999999999999886e+01,
1.914999999999999858e+01,
1.921999999999999886e+01,
1.869999999999999929e+01,
1.798999999999999844e+01,
1.848000000000000043e+01,
1.892000000000000171e+01,
1.935000000000000142e+01,
1.962999999999999901e+01,
1.957999999999999829e+01,
1.955000000000000071e+01,
1.964000000000000057e+01,
1.975000000000000000e+01,
1.976000000000000156e+01,
1.973000000000000043e+01,
1.978000000000000114e+01,
1.987999999999999901e+01,
1.998999999999999844e+01,
2.010000000000000142e+01,
2.010999999999999943e+01,
2.025000000000000000e+01,
2.039000000000000057e+01,
2.051000000000000156e+01,
2.037999999999999901e+01,
2.017000000000000171e+01,
1.998999999999999844e+01,
1.992999999999999972e+01,
1.991000000000000014e+01,
1.985999999999999943e+01,
1.980999999999999872e+01,
1.964999999999999858e+01,
1.939000000000000057e+01,
1.930999999999999872e+01,
1.935000000000000142e+01,
8.380000000000000782e+00,
7.839999999999999858e+00,
8.640000000000000568e+00,
8.519999999999999574e+00,
8.830000000000000071e+00,
8.570000000000000284e+00,
8.880000000000000782e+00,
8.480000000000000426e+00,
8.359999999999999432e+00,
8.230000000000000426e+00,
8.130000000000000782e+00,
8.089999999999999858e+00,
8.039999999999999147e+00,
8.080000000000000071e+00,
8.189999999999999503e+00,
8.380000000000000782e+00,
8.660000000000000142e+00,
8.839999999999999858e+00,
8.990000000000000213e+00,
9.539999999999999147e+00,
9.619999999999999218e+00,
9.150000000000000355e+00,
9.359999999999999432e+00,
1.001999999999999957e+01,
1.016000000000000014e+01,
1.032000000000000028e+01,
1.060999999999999943e+01,
1.080000000000000071e+01,
1.050999999999999979e+01,
1.047000000000000064e+01,
1.051999999999999957e+01,
1.051999999999999957e+01,
1.051999999999999957e+01,
1.065000000000000036e+01,
1.088000000000000078e+01,
1.108000000000000007e+01,
1.236999999999999922e+01,
1.241999999999999993e+01,
1.198000000000000043e+01,
1.202999999999999936e+01,
1.283000000000000007e+01,
1.266999999999999993e+01,
1.233000000000000007e+01,
1.213000000000000078e+01,
1.223000000000000043e+01,
1.259999999999999964e+01,
1.311999999999999922e+01,
1.327999999999999936e+01,
1.317999999999999972e+01,
1.316000000000000014e+01,
1.334999999999999964e+01,
1.325999999999999979e+01,
1.310999999999999943e+01,
1.323000000000000043e+01,
1.375999999999999979e+01,
1.416000000000000014e+01,
1.439000000000000057e+01,
1.465000000000000036e+01,
1.503999999999999915e+01,
1.525999999999999979e+01,
1.542999999999999972e+01,
1.551999999999999957e+01,
1.549000000000000021e+01,
1.550000000000000000e+01,
1.582000000000000028e+01,
1.632999999999999829e+01,
1.461999999999999922e+01,
1.698999999999999844e+01,
1.541999999999999993e+01,
1.509999999999999964e+01,
1.583999999999999986e+01,
1.642999999999999972e+01,
1.685000000000000142e+01,
1.728999999999999915e+01,
1.780000000000000071e+01,
1.819999999999999929e+01,
1.855000000000000071e+01,
1.880999999999999872e+01,
1.892999999999999972e+01,
1.876999999999999957e+01,
1.876999999999999957e+01,
1.910000000000000142e+01,
1.928999999999999915e+01,
1.939000000000000057e+01,
1.937000000000000099e+01,
1.930000000000000071e+01,
1.939000000000000057e+01,
1.933999999999999986e+01,
1.919000000000000128e+01,
1.941000000000000014e+01,
1.939000000000000057e+01,
1.926000000000000156e+01,
1.925000000000000000e+01,
1.946999999999999886e+01,
1.910000000000000142e+01,
1.916000000000000014e+01,
1.939000000000000057e+01,
1.960999999999999943e+01,
1.994000000000000128e+01,
2.025000000000000000e+01,
2.039999999999999858e+01,
2.046000000000000085e+01,
2.062000000000000099e+01,
1.964999999999999858e+01,
1.992000000000000171e+01,
1.996000000000000085e+01,
1.953999999999999915e+01,
1.710999999999999943e+01,
1.794000000000000128e+01,
1.757000000000000028e+01,
1.978999999999999915e+01,
1.833999999999999986e+01,
1.987000000000000099e+01,
1.848999999999999844e+01,
2.001000000000000156e+01,
1.833999999999999986e+01,
1.983999999999999986e+01,
1.855999999999999872e+01,
1.875000000000000000e+01,
1.878999999999999915e+01,
1.878000000000000114e+01,
1.894999999999999929e+01,
1.898999999999999844e+01,
1.878000000000000114e+01,
1.787999999999999901e+01,
1.821999999999999886e+01,
1.864000000000000057e+01,
1.907999999999999829e+01,
1.930999999999999872e+01,
1.939000000000000057e+01,
1.942000000000000171e+01,
1.957000000000000028e+01,
1.966000000000000014e+01,
1.967999999999999972e+01,
1.967999999999999972e+01,
1.964999999999999858e+01,
1.976000000000000156e+01,
1.987000000000000099e+01,
1.998000000000000043e+01,
2.001000000000000156e+01,
2.014000000000000057e+01,
2.028000000000000114e+01,
2.039999999999999858e+01,
2.030999999999999872e+01,
2.014000000000000057e+01,
1.996999999999999886e+01,
1.989999999999999858e+01,
1.989000000000000057e+01,
1.983999999999999986e+01,
1.978999999999999915e+01,
1.964000000000000057e+01,
1.939000000000000057e+01,
1.928999999999999915e+01,
1.933999999999999986e+01,
8.380000000000000782e+00,
7.839999999999999858e+00,
8.640000000000000568e+00,
8.519999999999999574e+00,
8.830000000000000071e+00,
8.570000000000000284e+00,
8.880000000000000782e+00,
8.480000000000000426e+00,
8.359999999999999432e+00,
8.230000000000000426e+00,
8.130000000000000782e+00,
8.089999999999999858e+00,
8.039999999999999147e+00,
8.080000000000000071e+00,
8.189999999999999503e+00,
8.380000000000000782e+00,
8.660000000000000142e+00,
8.839999999999999858e+00,
8.990000000000000213e+00,
9.539999999999999147e+00,
9.619999999999999218e+00,
9.150000000000000355e+00,
9.359999999999999432e+00,
1.001999999999999957e+01,
1.016000000000000014e+01,
1.032000000000000028e+01,
1.060999999999999943e+01,
1.080000000000000071e+01,
1.050999999999999979e+01,
1.047000000000000064e+01,
1.051999999999999957e+01,
1.051999999999999957e+01,
1.051999999999999957e+01,
1.065000000000000036e+01,
1.088000000000000078e+01,
1.108000000000000007e+01,
1.236999999999999922e+01,
1.241999999999999993e+01,
1.178999999999999915e+01,
1.210999999999999943e+01,
1.289000000000000057e+01,
1.269999999999999929e+01,
1.234999999999999964e+01,
1.215000000000000036e+01,
1.224000000000000021e+01,
1.260999999999999943e+01,
1.313000000000000078e+01,
1.327999999999999936e+01,
1.317999999999999972e+01,
1.316999999999999993e+01,
1.334999999999999964e+01,
1.326999999999999957e+01,
1.310999999999999943e+01,
1.323000000000000043e+01,
1.375999999999999979e+01,
1.416000000000000014e+01,
1.439000000000000057e+01,
1.465000000000000036e+01,
1.503999999999999915e+01,
1.525999999999999979e+01,
1.542999999999999972e+01,
1.551999999999999957e+01,
1.549000000000000021e+01,
1.550000000000000000e+01,
1.582000000000000028e+01,
1.632999999999999829e+01,
1.500999999999999979e+01,
1.698999999999999844e+01,
1.503999999999999915e+01,
1.550999999999999979e+01,
1.583999999999999986e+01,
1.642999999999999972e+01,
1.685000000000000142e+01,
1.728999999999999915e+01,
1.780000000000000071e+01,
1.821000000000000085e+01,
1.855000000000000071e+01,
1.880999999999999872e+01,
1.892999999999999972e+01,
1.876999999999999957e+01,
1.876999999999999957e+01,
1.910000000000000142e+01,
1.928999999999999915e+01,
1.939000000000000057e+01,
1.937000000000000099e+01,
1.930000000000000071e+01,
1.939000000000000057e+01,
1.933999999999999986e+01,
1.919000000000000128e+01,
1.941000000000000014e+01,
1.939000000000000057e+01,
1.926000000000000156e+01,
1.925000000000000000e+01,
1.946999999999999886e+01,
1.910000000000000142e+01,
1.916000000000000014e+01,
1.939000000000000057e+01,
1.960999999999999943e+01,
1.994000000000000128e+01,
2.025000000000000000e+01,
2.039999999999999858e+01,
2.046000000000000085e+01,
2.062000000000000099e+01,
1.966000000000000014e+01,
1.992000000000000171e+01,
1.869000000000000128e+01,
1.926000000000000156e+01,
1.851000000000000156e+01,
1.796000000000000085e+01,
1.807000000000000028e+01,
1.846999999999999886e+01,
1.880000000000000071e+01,
1.901000000000000156e+01,
1.869000000000000128e+01,
1.858999999999999986e+01,
1.875000000000000000e+01,
1.887999999999999901e+01,
1.892999999999999972e+01,
1.903999999999999915e+01,
1.898999999999999844e+01,
1.898000000000000043e+01,
1.914999999999999858e+01,
1.921999999999999886e+01,
1.869999999999999929e+01,
1.798999999999999844e+01,
1.848000000000000043e+01,
1.892000000000000171e+01,
1.935000000000000142e+01,
1.962999999999999901e+01,
1.957000000000000028e+01,
1.955000000000000071e+01,
1.964000000000000057e+01,
1.975000000000000000e+01,
1.976000000000000156e+01,
1.973000000000000043e+01,
1.978000000000000114e+01,
1.987999999999999901e+01,
1.998999999999999844e+01,
2.010000000000000142e+01,
2.010999999999999943e+01,
2.025000000000000000e+01,
2.039000000000000057e+01,
2.051000000000000156e+01,
2.037999999999999901e+01,
2.017000000000000171e+01,
1.998999999999999844e+01,
1.992999999999999972e+01,
1.991000000000000014e+01,
1.985999999999999943e+01,
1.980999999999999872e+01,
1.964999999999999858e+01,
1.939000000000000057e+01,
1.930999999999999872e+01,
1.935000000000000142e+01,
