1.210000000000000000e+02,
9.900000000000000000e+01,
1.220000000000000000e+02,
1.900000000000000000e+02,
1.050000000000000000e+02,
1.220000000000000000e+02,
1.570000000000000000e+02,
1.240000000000000000e+02,
1.050000000000000000e+02,
9.800000000000000000e+01,
1.310000000000000000e+02,
9.900000000000000000e+01,
1.300000000000000000e+02,
1.220000000000000000e+02,
1.210000000000000000e+02,
1.300000000000000000e+02,
1.210000000000000000e+02,
1.300000000000000000e+02,
1.230000000000000000e+02,
1.210000000000000000e+02,
1.210000000000000000e+02,
1.760000000000000000e+02,
1.310000000000000000e+02,
1.300000000000000000e+02,
1.310000000000000000e+02,
1.210000000000000000e+02,
1.300000000000000000e+02,
1.230000000000000000e+02,
1.720000000000000000e+02,
1.310000000000000000e+02,
1.210000000000000000e+02,
1.220000000000000000e+02,
1.230000000000000000e+02,
1.210000000000000000e+02,
1.300000000000000000e+02,
1.210000000000000000e+02,
1.320000000000000000e+02,
1.760000000000000000e+02,
1.480000000000000000e+02,
1.490000000000000000e+02,
1.220000000000000000e+02,
1.230000000000000000e+02,
1.320000000000000000e+02,
1.220000000000000000e+02,
1.320000000000000000e+02,
1.300000000000000000e+02,
1.210000000000000000e+02,
1.460000000000000000e+02,
1.420000000000000000e+02,
1.220000000000000000e+02,
1.210000000000000000e+02,
1.210000000000000000e+02,
1.400000000000000000e+02,
1.380000000000000000e+02,
1.300000000000000000e+02,
1.220000000000000000e+02,
1.210000000000000000e+02,
1.280000000000000000e+02,
1.290000000000000000e+02,
1.720000000000000000e+02,
1.210000000000000000e+02,
1.220000000000000000e+02,
1.210000000000000000e+02,
1.370000000000000000e+02,
1.390000000000000000e+02,
1.220000000000000000e+02,
1.210000000000000000e+02,
1.220000000000000000e+02,
1.390000000000000000e+02,
1.410000000000000000e+02,
2.150000000000000000e+02,
1.210000000000000000e+02,
1.210000000000000000e+02,
1.700000000000000000e+02,
1.210000000000000000e+02,
1.220000000000000000e+02,
1.450000000000000000e+02,
1.210000000000000000e+02,
1.450000000000000000e+02,
1.450000000000000000e+02,
1.310000000000000000e+02,
2.150000000000000000e+02,
1.210000000000000000e+02,
2.150000000000000000e+02,
1.320000000000000000e+02,
2.150000000000000000e+02,
2.150000000000000000e+02,
2.150000000000000000e+02,
2.150000000000000000e+02,
2.150000000000000000e+02,
1.140000000000000000e+02,
2.150000000000000000e+02,
2.150000000000000000e+02,
2.150000000000000000e+02,
1.220000000000000000e+02,
1.510000000000000000e+02,
1.350000000000000000e+02,
2.150000000000000000e+02,
2.150000000000000000e+02,
1.220000000000000000e+02,
1.310000000000000000e+02,
1.420000000000000000e+02,
1.390000000000000000e+02,
1.220000000000000000e+02,
1.480000000000000000e+02,
1.440000000000000000e+02,
1.510000000000000000e+02,
1.220000000000000000e+02,
1.420000000000000000e+02,
1.220000000000000000e+02,
1.430000000000000000e+02,
1.420000000000000000e+02,
1.420000000000000000e+02,
1.430000000000000000e+02,
1.420000000000000000e+02,
1.220000000000000000e+02,
1.430000000000000000e+02,
1.300000000000000000e+02,
1.310000000000000000e+02,
1.220000000000000000e+02,
2.150000000000000000e+02,
1.240000000000000000e+02,
1.420000000000000000e+02,
1.390000000000000000e+02,
2.150000000000000000e+02,
2.150000000000000000e+02,
2.150000000000000000e+02,
1.460000000000000000e+02,
2.150000000000000000e+02,
2.150000000000000000e+02,
1.460000000000000000e+02,
2.150000000000000000e+02,
2.150000000000000000e+02,
2.150000000000000000e+02,
1.710000000000000000e+02,
2.150000000000000000e+02,
2.150000000000000000e+02,
1.320000000000000000e+02,
1.730000000000000000e+02,
1.710000000000000000e+02,
1.720000000000000000e+02,
1.780000000000000000e+02,
1.730000000000000000e+02,
1.130000000000000000e+02,
1.130000000000000000e+02,
1.540000000000000000e+02,
1.750000000000000000e+02,
1.710000000000000000e+02,
1.520000000000000000e+02,
1.720000000000000000e+02,
1.210000000000000000e+02,
1.700000000000000000e+02,
1.720000000000000000e+02,
1.740000000000000000e+02,
1.520000000000000000e+02,
1.130000000000000000e+02,
1.520000000000000000e+02,
2.150000000000000000e+02,
1.740000000000000000e+02,
1.720000000000000000e+02,
1.760000000000000000e+02,
1.720000000000000000e+02,
1.150000000000000000e+02,
1.500000000000000000e+02,
1.520000000000000000e+02,
1.260000000000000000e+02,
1.130000000000000000e+02,
1.070000000000000000e+02,
1.490000000000000000e+02,
1.520000000000000000e+02,
1.590000000000000000e+02,
2.150000000000000000e+02,
1.480000000000000000e+02,
2.150000000000000000e+02,
2.150000000000000000e+02,
2.150000000000000000e+02,
2.150000000000000000e+02,
1.300000000000000000e+02,
2.150000000000000000e+02,
2.150000000000000000e+02,
1.480000000000000000e+02,
2.150000000000000000e+02,
2.150000000000000000e+02,
1.470000000000000000e+02,
2.150000000000000000e+02,
1.540000000000000000e+02,
2.150000000000000000e+02,
1.480000000000000000e+02,
1.460000000000000000e+02,
1.520000000000000000e+02,
2.150000000000000000e+02,
1.500000000000000000e+02,
1.490000000000000000e+02,
1.720000000000000000e+02,
1.490000000000000000e+02,
2.150000000000000000e+02,
1.310000000000000000e+02,
1.720000000000000000e+02,
2.150000000000000000e+02,
1.730000000000000000e+02,
2.150000000000000000e+02,
1.740000000000000000e+02,
1.510000000000000000e+02,
1.720000000000000000e+02,
1.730000000000000000e+02,
1.210000000000000000e+02,
1.760000000000000000e+02,
1.210000000000000000e+02,
1.210000000000000000e+02,
1.210000000000000000e+02,
1.200000000000000000e+02,
1.460000000000000000e+02,
1.220000000000000000e+02,
1.720000000000000000e+02,
1.220000000000000000e+02,
1.220000000000000000e+02,
1.210000000000000000e+02,
1.220000000000000000e+02,
1.220000000000000000e+02,
1.310000000000000000e+02,
1.220000000000000000e+02,
1.210000000000000000e+02,
1.390000000000000000e+02,
1.300000000000000000e+02,
1.220000000000000000e+02,
1.220000000000000000e+02,
1.210000000000000000e+02,
1.300000000000000000e+02,
1.220000000000000000e+02,
1.220000000000000000e+02,
1.230000000000000000e+02,
1.210000000000000000e+02,
1.300000000000000000e+02,
1.330000000000000000e+02,
2.150000000000000000e+02,
1.220000000000000000e+02,
1.310000000000000000e+02,
1.220000000000000000e+02,
2.150000000000000000e+02,
1.760000000000000000e+02,
1.340000000000000000e+02,
1.710000000000000000e+02,
1.200000000000000000e+02,
1.720000000000000000e+02,
1.310000000000000000e+02,
1.300000000000000000e+02,
1.230000000000000000e+02,
1.300000000000000000e+02,
1.230000000000000000e+02,
1.200000000000000000e+02,
1.300000000000000000e+02,
1.300000000000000000e+02,
1.300000000000000000e+02,
1.300000000000000000e+02,
2.150000000000000000e+02,
1.370000000000000000e+02,
1.950000000000000000e+02,
1.220000000000000000e+02,
1.220000000000000000e+02,
1.230000000000000000e+02,
1.330000000000000000e+02,
1.220000000000000000e+02,
1.310000000000000000e+02,
1.220000000000000000e+02,
1.220000000000000000e+02,
1.460000000000000000e+02,
1.230000000000000000e+02,
1.950000000000000000e+02,
1.220000000000000000e+02,
1.280000000000000000e+02,
1.450000000000000000e+02,
1.450000000000000000e+02,
1.220000000000000000e+02,
1.500000000000000000e+02,
2.000000000000000000e+02,
1.450000000000000000e+02,
1.380000000000000000e+02,
1.310000000000000000e+02,
1.230000000000000000e+02,
1.230000000000000000e+02,
1.320000000000000000e+02,
1.320000000000000000e+02,
1.220000000000000000e+02,
1.220000000000000000e+02,
1.310000000000000000e+02,
1.230000000000000000e+02,
1.310000000000000000e+02,
1.220000000000000000e+02,
1.450000000000000000e+02,
1.230000000000000000e+02,
1.230000000000000000e+02,
1.220000000000000000e+02,
1.440000000000000000e+02,
1.240000000000000000e+02,
1.220000000000000000e+02,
1.230000000000000000e+02,
1.420000000000000000e+02,
2.150000000000000000e+02,
1.220000000000000000e+02,
1.220000000000000000e+02,
1.220000000000000000e+02,
1.430000000000000000e+02,
1.220000000000000000e+02,
1.320000000000000000e+02,
1.210000000000000000e+02,
1.220000000000000000e+02,
1.310000000000000000e+02,
1.420000000000000000e+02,
1.220000000000000000e+02,
1.220000000000000000e+02,
1.230000000000000000e+02,
1.220000000000000000e+02,
1.220000000000000000e+02,
1.230000000000000000e+02,
1.220000000000000000e+02,
1.220000000000000000e+02,
1.310000000000000000e+02,
1.210000000000000000e+02,
2.150000000000000000e+02,
1.310000000000000000e+02,
1.310000000000000000e+02,
1.430000000000000000e+02,
1.260000000000000000e+02,
1.310000000000000000e+02,
1.220000000000000000e+02,
1.390000000000000000e+02,
1.390000000000000000e+02,
1.310000000000000000e+02,
1.420000000000000000e+02,
1.400000000000000000e+02,
1.210000000000000000e+02,
1.210000000000000000e+02,
1.310000000000000000e+02,
1.210000000000000000e+02,
1.220000000000000000e+02,
1.370000000000000000e+02,
1.410000000000000000e+02,
1.440000000000000000e+02,
1.410000000000000000e+02,
1.440000000000000000e+02,
2.030000000000000000e+02,
1.790000000000000000e+02,
1.760000000000000000e+02,
1.200000000000000000e+02,
2.030000000000000000e+02,
1.200000000000000000e+02,
1.140000000000000000e+02,
2.150000000000000000e+02,
9.900000000000000000e+01,
1.060000000000000000e+02,
1.280000000000000000e+02,
2.150000000000000000e+02,
2.150000000000000000e+02,
1.210000000000000000e+02,
2.150000000000000000e+02,
2.150000000000000000e+02,
1.270000000000000000e+02,
1.460000000000000000e+02,
2.150000000000000000e+02,
2.150000000000000000e+02,
1.280000000000000000e+02,
1.460000000000000000e+02,
1.460000000000000000e+02,
2.150000000000000000e+02,
2.150000000000000000e+02,
2.150000000000000000e+02,
1.470000000000000000e+02,
1.220000000000000000e+02,
2.150000000000000000e+02,
1.220000000000000000e+02,
1.220000000000000000e+02,
1.330000000000000000e+02,
1.210000000000000000e+02,
2.150000000000000000e+02,
1.450000000000000000e+02,
1.310000000000000000e+02,
1.470000000000000000e+02,
2.150000000000000000e+02,
1.200000000000000000e+02,
2.150000000000000000e+02,
2.150000000000000000e+02,
1.200000000000000000e+02,
2.150000000000000000e+02,
2.150000000000000000e+02,
2.150000000000000000e+02,
1.480000000000000000e+02,
1.310000000000000000e+02,
1.520000000000000000e+02,
2.150000000000000000e+02,
1.310000000000000000e+02,
1.310000000000000000e+02,
2.150000000000000000e+02,
1.460000000000000000e+02,
1.220000000000000000e+02,
1.230000000000000000e+02,
1.230000000000000000e+02,
1.230000000000000000e+02,
1.220000000000000000e+02,
1.330000000000000000e+02,
2.150000000000000000e+02,
1.450000000000000000e+02,
2.150000000000000000e+02,
2.150000000000000000e+02,
2.150000000000000000e+02,
1.510000000000000000e+02,
2.150000000000000000e+02,
1.450000000000000000e+02,
2.150000000000000000e+02,
1.510000000000000000e+02,
2.150000000000000000e+02,
2.150000000000000000e+02,
2.150000000000000000e+02,
2.150000000000000000e+02,
1.510000000000000000e+02,
2.150000000000000000e+02,
1.480000000000000000e+02,
2.150000000000000000e+02,
2.150000000000000000e+02,
2.150000000000000000e+02,
2.150000000000000000e+02,
2.150000000000000000e+02,
2.150000000000000000e+02,
1.520000000000000000e+02,
2.150000000000000000e+02,
2.150000000000000000e+02,
2.150000000000000000e+02,
2.150000000000000000e+02,
2.150000000000000000e+02,
2.150000000000000000e+02,
2.150000000000000000e+02,
2.150000000000000000e+02,
2.150000000000000000e+02,
2.150000000000000000e+02,
2.150000000000000000e+02,
2.150000000000000000e+02,
2.150000000000000000e+02,
2.150000000000000000e+02,
2.150000000000000000e+02,
2.150000000000000000e+02,
2.150000000000000000e+02,
2.150000000000000000e+02,
2.150000000000000000e+02,
2.150000000000000000e+02,
2.150000000000000000e+02,
2.150000000000000000e+02,
2.150000000000000000e+02,
2.150000000000000000e+02,
2.150000000000000000e+02,
1.470000000000000000e+02,
2.150000000000000000e+02,
2.150000000000000000e+02,
2.150000000000000000e+02,
2.150000000000000000e+02,
2.150000000000000000e+02,
2.150000000000000000e+02,
1.520000000000000000e+02,
1.480000000000000000e+02,
1.520000000000000000e+02,
2.150000000000000000e+02,
2.150000000000000000e+02,
2.150000000000000000e+02,
2.150000000000000000e+02,
1.200000000000000000e+02,
2.150000000000000000e+02,
2.150000000000000000e+02,
2.150000000000000000e+02,
2.150000000000000000e+02,
1.200000000000000000e+02,
2.150000000000000000e+02,
2.150000000000000000e+02,
2.150000000000000000e+02,
1.470000000000000000e+02,
1.470000000000000000e+02,
2.150000000000000000e+02,
1.200000000000000000e+02,
1.480000000000000000e+02,
2.150000000000000000e+02,
2.150000000000000000e+02,
1.450000000000000000e+02,
1.200000000000000000e+02,
2.150000000000000000e+02,
1.510000000000000000e+02,
2.150000000000000000e+02,
2.150000000000000000e+02,
2.150000000000000000e+02,
2.150000000000000000e+02,
1.200000000000000000e+02,
2.150000000000000000e+02,
2.150000000000000000e+02,
2.150000000000000000e+02,
2.150000000000000000e+02,
2.150000000000000000e+02,
1.470000000000000000e+02,
1.450000000000000000e+02,
1.460000000000000000e+02,
1.460000000000000000e+02,
2.150000000000000000e+02,
1.200000000000000000e+02,
2.150000000000000000e+02,
2.150000000000000000e+02,
2.150000000000000000e+02,
2.150000000000000000e+02,
2.150000000000000000e+02,
1.520000000000000000e+02,
1.520000000000000000e+02,
1.480000000000000000e+02,
2.150000000000000000e+02,
2.150000000000000000e+02,
2.150000000000000000e+02,
2.150000000000000000e+02,
2.150000000000000000e+02,
2.150000000000000000e+02,
2.150000000000000000e+02,
2.150000000000000000e+02,
1.470000000000000000e+02,
2.150000000000000000e+02,
1.480000000000000000e+02,
2.150000000000000000e+02,
2.150000000000000000e+02,
1.470000000000000000e+02,
2.150000000000000000e+02,
1.200000000000000000e+02,
2.150000000000000000e+02,
2.150000000000000000e+02,
2.150000000000000000e+02,
2.150000000000000000e+02,
2.150000000000000000e+02,
2.150000000000000000e+02,
2.150000000000000000e+02,
2.150000000000000000e+02,
2.150000000000000000e+02,
2.150000000000000000e+02,
2.150000000000000000e+02,
1.200000000000000000e+02,
2.150000000000000000e+02,
2.150000000000000000e+02,
1.200000000000000000e+02,
1.470000000000000000e+02,
2.150000000000000000e+02,
2.150000000000000000e+02,
2.150000000000000000e+02,
1.450000000000000000e+02,
2.150000000000000000e+02,
2.150000000000000000e+02,
1.200000000000000000e+02,
2.150000000000000000e+02,
2.150000000000000000e+02,
1.200000000000000000e+02,
2.150000000000000000e+02,
1.200000000000000000e+02,
2.150000000000000000e+02,
1.310000000000000000e+02,
1.240000000000000000e+02,
1.240000000000000000e+02,
1.240000000000000000e+02,
1.240000000000000000e+02,
1.240000000000000000e+02,
1.310000000000000000e+02,
2.150000000000000000e+02,
1.200000000000000000e+02,
1.470000000000000000e+02,
1.490000000000000000e+02,
1.470000000000000000e+02,
2.150000000000000000e+02,
1.200000000000000000e+02,
1.450000000000000000e+02,
1.450000000000000000e+02,
1.470000000000000000e+02,
1.430000000000000000e+02,
2.150000000000000000e+02,
1.450000000000000000e+02,
1.430000000000000000e+02,
1.460000000000000000e+02,
1.440000000000000000e+02,
1.440000000000000000e+02,
1.450000000000000000e+02,
1.430000000000000000e+02,
1.400000000000000000e+02,
2.150000000000000000e+02,
1.200000000000000000e+02,
1.470000000000000000e+02,
1.390000000000000000e+02,
1.470000000000000000e+02,
2.150000000000000000e+02,
1.200000000000000000e+02,
1.390000000000000000e+02,
1.420000000000000000e+02,
1.460000000000000000e+02,
1.390000000000000000e+02,
1.390000000000000000e+02,
1.390000000000000000e+02,
1.390000000000000000e+02,
1.390000000000000000e+02,
1.390000000000000000e+02,
1.390000000000000000e+02,
1.390000000000000000e+02,
2.150000000000000000e+02,
2.150000000000000000e+02,
2.150000000000000000e+02,
1.390000000000000000e+02,
2.150000000000000000e+02,
2.150000000000000000e+02,
2.150000000000000000e+02,
1.450000000000000000e+02,
2.150000000000000000e+02,
2.150000000000000000e+02,
1.460000000000000000e+02,
2.150000000000000000e+02,
1.360000000000000000e+02,
1.220000000000000000e+02,
1.220000000000000000e+02,
1.200000000000000000e+02,
1.450000000000000000e+02,
1.440000000000000000e+02,
1.450000000000000000e+02,
1.400000000000000000e+02,
2.150000000000000000e+02,
1.440000000000000000e+02,
1.510000000000000000e+02,
2.150000000000000000e+02,
2.150000000000000000e+02,
1.200000000000000000e+02,
2.150000000000000000e+02,
1.460000000000000000e+02,
1.490000000000000000e+02,
2.150000000000000000e+02,
1.340000000000000000e+02,
1.430000000000000000e+02,
1.460000000000000000e+02,
1.430000000000000000e+02,
1.450000000000000000e+02,
1.400000000000000000e+02,
1.390000000000000000e+02,
1.420000000000000000e+02,
1.200000000000000000e+02,
1.420000000000000000e+02,
1.460000000000000000e+02,
2.150000000000000000e+02,
1.500000000000000000e+02,
1.500000000000000000e+02,
1.520000000000000000e+02,
1.480000000000000000e+02,
1.490000000000000000e+02,
1.490000000000000000e+02,
2.150000000000000000e+02,
1.520000000000000000e+02,
2.150000000000000000e+02,
1.480000000000000000e+02,
2.150000000000000000e+02,
1.240000000000000000e+02,
1.240000000000000000e+02,
1.510000000000000000e+02,
1.240000000000000000e+02,
1.240000000000000000e+02,
1.480000000000000000e+02,
1.240000000000000000e+02,
2.150000000000000000e+02,
2.150000000000000000e+02,
1.240000000000000000e+02,
1.240000000000000000e+02,
2.150000000000000000e+02,
1.240000000000000000e+02,
1.240000000000000000e+02,
2.150000000000000000e+02,
2.150000000000000000e+02,
1.240000000000000000e+02,
1.240000000000000000e+02,
1.240000000000000000e+02,
2.150000000000000000e+02,
1.240000000000000000e+02,
2.150000000000000000e+02,
1.220000000000000000e+02,
1.220000000000000000e+02,
2.150000000000000000e+02,
2.150000000000000000e+02,
2.150000000000000000e+02,
2.150000000000000000e+02,
2.150000000000000000e+02,
2.150000000000000000e+02,
2.150000000000000000e+02,
2.150000000000000000e+02,
2.150000000000000000e+02,
2.150000000000000000e+02,
2.150000000000000000e+02,
1.460000000000000000e+02,
1.340000000000000000e+02,
1.460000000000000000e+02,
1.340000000000000000e+02,
1.460000000000000000e+02,
2.150000000000000000e+02,
1.350000000000000000e+02,
1.380000000000000000e+02,
1.460000000000000000e+02,
2.150000000000000000e+02,
2.150000000000000000e+02,
1.460000000000000000e+02,
2.150000000000000000e+02,
2.150000000000000000e+02,
1.370000000000000000e+02,
1.370000000000000000e+02,
2.150000000000000000e+02,
1.460000000000000000e+02,
2.150000000000000000e+02,
2.150000000000000000e+02,
1.310000000000000000e+02,
2.150000000000000000e+02,
1.200000000000000000e+02,
2.150000000000000000e+02,
1.370000000000000000e+02,
1.460000000000000000e+02,
2.150000000000000000e+02,
1.200000000000000000e+02,
1.460000000000000000e+02,
2.150000000000000000e+02,
1.450000000000000000e+02,
2.150000000000000000e+02,
1.200000000000000000e+02,
1.370000000000000000e+02,
2.150000000000000000e+02,
2.150000000000000000e+02,
2.150000000000000000e+02,
1.470000000000000000e+02,
2.150000000000000000e+02,
1.310000000000000000e+02,
2.150000000000000000e+02,
1.380000000000000000e+02,
2.150000000000000000e+02,
2.150000000000000000e+02,
2.150000000000000000e+02,
2.150000000000000000e+02,
1.370000000000000000e+02,
2.150000000000000000e+02,
2.150000000000000000e+02,
2.150000000000000000e+02,
2.150000000000000000e+02,
2.150000000000000000e+02,
1.370000000000000000e+02,
2.150000000000000000e+02,
1.200000000000000000e+02,
1.380000000000000000e+02,
1.460000000000000000e+02,
1.370000000000000000e+02,
1.370000000000000000e+02,
1.240000000000000000e+02,
1.240000000000000000e+02,
1.240000000000000000e+02,
1.240000000000000000e+02,
1.240000000000000000e+02,
1.320000000000000000e+02,
2.150000000000000000e+02,
1.240000000000000000e+02,
1.240000000000000000e+02,
1.240000000000000000e+02,
1.380000000000000000e+02,
1.240000000000000000e+02,
1.240000000000000000e+02,
1.330000000000000000e+02,
1.310000000000000000e+02,
2.150000000000000000e+02,
1.240000000000000000e+02,
1.240000000000000000e+02,
1.240000000000000000e+02,
1.240000000000000000e+02,
2.150000000000000000e+02,
1.280000000000000000e+02,
1.430000000000000000e+02,
1.470000000000000000e+02,
1.310000000000000000e+02,
2.150000000000000000e+02,
2.150000000000000000e+02,
1.380000000000000000e+02,
2.150000000000000000e+02,
1.200000000000000000e+02,
1.240000000000000000e+02,
1.240000000000000000e+02,
1.240000000000000000e+02,
2.150000000000000000e+02,
1.240000000000000000e+02,
1.240000000000000000e+02,
1.240000000000000000e+02,
1.320000000000000000e+02,
1.460000000000000000e+02,
1.460000000000000000e+02,
1.240000000000000000e+02,
1.460000000000000000e+02,
1.450000000000000000e+02,
1.240000000000000000e+02,
1.460000000000000000e+02,
1.240000000000000000e+02,
1.320000000000000000e+02,
1.240000000000000000e+02,
1.240000000000000000e+02,
1.310000000000000000e+02,
1.340000000000000000e+02,
1.240000000000000000e+02,
1.240000000000000000e+02,
1.240000000000000000e+02,
1.240000000000000000e+02,
1.330000000000000000e+02,
1.240000000000000000e+02,
1.340000000000000000e+02,
1.240000000000000000e+02,
1.330000000000000000e+02,
1.380000000000000000e+02,
1.240000000000000000e+02,
1.240000000000000000e+02,
1.240000000000000000e+02,
1.240000000000000000e+02,
1.240000000000000000e+02,
1.300000000000000000e+02,
1.320000000000000000e+02,
1.300000000000000000e+02,
1.310000000000000000e+02,
1.370000000000000000e+02,
1.240000000000000000e+02,
1.430000000000000000e+02,
1.440000000000000000e+02,
1.230000000000000000e+02,
1.310000000000000000e+02,
1.230000000000000000e+02,
1.230000000000000000e+02,
1.230000000000000000e+02,
1.370000000000000000e+02,
1.220000000000000000e+02,
1.220000000000000000e+02,
1.220000000000000000e+02,
1.290000000000000000e+02,
1.290000000000000000e+02,
1.430000000000000000e+02,
1.230000000000000000e+02,
1.220000000000000000e+02,
1.300000000000000000e+02,
1.290000000000000000e+02,
1.230000000000000000e+02,
1.220000000000000000e+02,
1.470000000000000000e+02,
2.150000000000000000e+02,
1.320000000000000000e+02,
1.330000000000000000e+02,
1.390000000000000000e+02,
2.150000000000000000e+02,
1.390000000000000000e+02,
1.400000000000000000e+02,
1.200000000000000000e+02,
1.420000000000000000e+02,
1.450000000000000000e+02,
1.220000000000000000e+02,
1.230000000000000000e+02,
1.220000000000000000e+02,
1.220000000000000000e+02,
1.210000000000000000e+02,
1.470000000000000000e+02,
1.220000000000000000e+02,
2.150000000000000000e+02,
1.220000000000000000e+02,
1.430000000000000000e+02,
1.420000000000000000e+02,
1.200000000000000000e+02,
2.150000000000000000e+02,
2.150000000000000000e+02,
1.310000000000000000e+02,
1.310000000000000000e+02,
1.310000000000000000e+02,
1.310000000000000000e+02,
1.310000000000000000e+02,
1.310000000000000000e+02,
1.310000000000000000e+02,
1.310000000000000000e+02,
1.310000000000000000e+02,
1.310000000000000000e+02,
1.310000000000000000e+02,
1.310000000000000000e+02,
1.310000000000000000e+02,
1.310000000000000000e+02,
1.310000000000000000e+02,
1.310000000000000000e+02,
1.310000000000000000e+02,
1.310000000000000000e+02,
1.310000000000000000e+02,
1.310000000000000000e+02,
1.310000000000000000e+02,
1.310000000000000000e+02,
1.310000000000000000e+02,
1.310000000000000000e+02,
1.310000000000000000e+02,
1.310000000000000000e+02,
1.310000000000000000e+02,
1.310000000000000000e+02,
1.310000000000000000e+02,
1.310000000000000000e+02,
1.310000000000000000e+02,
1.310000000000000000e+02,
1.310000000000000000e+02,
1.310000000000000000e+02,
1.310000000000000000e+02,
1.310000000000000000e+02,
1.310000000000000000e+02,
1.310000000000000000e+02,
1.310000000000000000e+02,
1.310000000000000000e+02,
2.150000000000000000e+02,
1.310000000000000000e+02,
1.310000000000000000e+02,
1.310000000000000000e+02,
1.310000000000000000e+02,
1.310000000000000000e+02,
1.310000000000000000e+02,
1.310000000000000000e+02,
1.310000000000000000e+02,
1.310000000000000000e+02,
1.310000000000000000e+02,
1.310000000000000000e+02,
1.310000000000000000e+02,
1.310000000000000000e+02,
1.310000000000000000e+02,
1.310000000000000000e+02,
1.310000000000000000e+02,
1.310000000000000000e+02,
1.310000000000000000e+02,
1.310000000000000000e+02,
1.310000000000000000e+02,
2.150000000000000000e+02,
1.470000000000000000e+02,
1.310000000000000000e+02,
1.310000000000000000e+02,
1.310000000000000000e+02,
1.310000000000000000e+02,
1.310000000000000000e+02,
1.310000000000000000e+02,
1.310000000000000000e+02,
1.310000000000000000e+02,
2.150000000000000000e+02,
1.310000000000000000e+02,
1.310000000000000000e+02,
1.310000000000000000e+02,
2.150000000000000000e+02,
1.310000000000000000e+02,
1.310000000000000000e+02,
1.310000000000000000e+02,
2.150000000000000000e+02,
1.310000000000000000e+02,
1.310000000000000000e+02,
1.310000000000000000e+02,
2.150000000000000000e+02,
1.310000000000000000e+02,
1.200000000000000000e+02,
1.310000000000000000e+02,
2.150000000000000000e+02,
1.310000000000000000e+02,
1.310000000000000000e+02,
2.150000000000000000e+02,
1.310000000000000000e+02,
1.310000000000000000e+02,
2.150000000000000000e+02,
1.310000000000000000e+02,
1.200000000000000000e+02,
1.310000000000000000e+02,
2.150000000000000000e+02,
1.310000000000000000e+02,
1.310000000000000000e+02,
2.150000000000000000e+02,
1.310000000000000000e+02,
2.150000000000000000e+02,
1.310000000000000000e+02,
1.310000000000000000e+02,
2.150000000000000000e+02,
1.310000000000000000e+02,
2.150000000000000000e+02,
1.310000000000000000e+02,
2.150000000000000000e+02,
1.310000000000000000e+02,
1.200000000000000000e+02,
1.310000000000000000e+02,
2.150000000000000000e+02,
1.310000000000000000e+02,
2.150000000000000000e+02,
1.310000000000000000e+02,
2.150000000000000000e+02,
1.310000000000000000e+02,
2.150000000000000000e+02,
1.310000000000000000e+02,
2.150000000000000000e+02,
1.310000000000000000e+02,
2.150000000000000000e+02,
1.310000000000000000e+02,
2.150000000000000000e+02,
1.310000000000000000e+02,
2.150000000000000000e+02,
1.310000000000000000e+02,
2.150000000000000000e+02,
1.310000000000000000e+02,
2.150000000000000000e+02,
1.310000000000000000e+02,
2.150000000000000000e+02,
1.310000000000000000e+02,
2.150000000000000000e+02,
1.310000000000000000e+02,
2.150000000000000000e+02,
1.310000000000000000e+02,
2.150000000000000000e+02,
1.310000000000000000e+02,
2.150000000000000000e+02,
1.310000000000000000e+02,
2.150000000000000000e+02,
1.310000000000000000e+02,
2.150000000000000000e+02,
1.310000000000000000e+02,
2.150000000000000000e+02,
1.310000000000000000e+02,
2.150000000000000000e+02,
1.310000000000000000e+02,
2.150000000000000000e+02,
1.310000000000000000e+02,
2.150000000000000000e+02,
1.310000000000000000e+02,
2.150000000000000000e+02,
1.310000000000000000e+02,
2.150000000000000000e+02,
1.310000000000000000e+02,
2.150000000000000000e+02,
1.310000000000000000e+02,
2.150000000000000000e+02,
1.310000000000000000e+02,
2.150000000000000000e+02,
1.310000000000000000e+02,
2.150000000000000000e+02,
1.310000000000000000e+02,
2.150000000000000000e+02,
1.310000000000000000e+02,
2.150000000000000000e+02,
1.310000000000000000e+02,
2.150000000000000000e+02,
1.310000000000000000e+02,
2.150000000000000000e+02,
1.310000000000000000e+02,
2.150000000000000000e+02,
2.150000000000000000e+02,
1.310000000000000000e+02,
2.150000000000000000e+02,
1.310000000000000000e+02,
2.150000000000000000e+02,
1.310000000000000000e+02,
2.150000000000000000e+02,
1.310000000000000000e+02,
2.150000000000000000e+02,
2.150000000000000000e+02,
1.310000000000000000e+02,
2.150000000000000000e+02,
1.310000000000000000e+02,
2.150000000000000000e+02,
1.310000000000000000e+02,
2.150000000000000000e+02,
2.150000000000000000e+02,
1.310000000000000000e+02,
2.150000000000000000e+02,
1.310000000000000000e+02,
2.150000000000000000e+02,
1.310000000000000000e+02,
2.150000000000000000e+02,
2.150000000000000000e+02,
1.310000000000000000e+02,
2.150000000000000000e+02,
1.310000000000000000e+02,
2.150000000000000000e+02,
1.310000000000000000e+02,
2.150000000000000000e+02,
2.150000000000000000e+02,
1.310000000000000000e+02,
2.150000000000000000e+02,
1.310000000000000000e+02,
2.150000000000000000e+02,
2.150000000000000000e+02,
1.310000000000000000e+02,
2.150000000000000000e+02,
1.310000000000000000e+02,
2.150000000000000000e+02,
2.150000000000000000e+02,
1.310000000000000000e+02,
2.150000000000000000e+02,
1.310000000000000000e+02,
2.150000000000000000e+02,
2.150000000000000000e+02,
1.310000000000000000e+02,
2.150000000000000000e+02,
1.310000000000000000e+02,
2.150000000000000000e+02,
2.150000000000000000e+02,
1.310000000000000000e+02,
2.150000000000000000e+02,
1.310000000000000000e+02,
2.150000000000000000e+02,
2.150000000000000000e+02,
1.310000000000000000e+02,
2.150000000000000000e+02,
1.310000000000000000e+02,
2.150000000000000000e+02,
2.150000000000000000e+02,
1.310000000000000000e+02,
2.150000000000000000e+02,
1.310000000000000000e+02,
2.150000000000000000e+02,
2.150000000000000000e+02,
1.310000000000000000e+02,
2.150000000000000000e+02,
1.310000000000000000e+02,
2.150000000000000000e+02,
2.150000000000000000e+02,
1.310000000000000000e+02,
2.150000000000000000e+02,
1.310000000000000000e+02,
2.150000000000000000e+02,
2.150000000000000000e+02,
1.310000000000000000e+02,
2.150000000000000000e+02,
1.310000000000000000e+02,
2.150000000000000000e+02,
2.150000000000000000e+02,
1.310000000000000000e+02,
2.150000000000000000e+02,
1.310000000000000000e+02,
2.150000000000000000e+02,
2.150000000000000000e+02,
1.310000000000000000e+02,
2.150000000000000000e+02,
1.310000000000000000e+02,
2.150000000000000000e+02,
2.150000000000000000e+02,
1.310000000000000000e+02,
2.150000000000000000e+02,
1.310000000000000000e+02,
2.150000000000000000e+02,
2.150000000000000000e+02,
1.310000000000000000e+02,
2.150000000000000000e+02,
1.310000000000000000e+02,
2.150000000000000000e+02,
2.150000000000000000e+02,
1.310000000000000000e+02,
2.150000000000000000e+02,
1.310000000000000000e+02,
2.150000000000000000e+02,
2.150000000000000000e+02,
1.310000000000000000e+02,
2.150000000000000000e+02,
1.310000000000000000e+02,
2.150000000000000000e+02,
2.150000000000000000e+02,
1.310000000000000000e+02,
2.150000000000000000e+02,
1.310000000000000000e+02,
2.150000000000000000e+02,
2.150000000000000000e+02,
1.310000000000000000e+02,
2.150000000000000000e+02,
1.310000000000000000e+02,
2.150000000000000000e+02,
2.150000000000000000e+02,
1.310000000000000000e+02,
2.150000000000000000e+02,
1.310000000000000000e+02,
2.150000000000000000e+02,
2.150000000000000000e+02,
1.310000000000000000e+02,
2.150000000000000000e+02,
1.310000000000000000e+02,
2.150000000000000000e+02,
2.150000000000000000e+02,
1.310000000000000000e+02,
2.150000000000000000e+02,
1.310000000000000000e+02,
2.150000000000000000e+02,
2.150000000000000000e+02,
1.310000000000000000e+02,
2.150000000000000000e+02,
1.310000000000000000e+02,
2.150000000000000000e+02,
2.150000000000000000e+02,
1.310000000000000000e+02,
2.150000000000000000e+02,
1.310000000000000000e+02,
2.150000000000000000e+02,
2.150000000000000000e+02,
1.310000000000000000e+02,
2.150000000000000000e+02,
1.310000000000000000e+02,
2.150000000000000000e+02,
2.150000000000000000e+02,
1.310000000000000000e+02,
2.150000000000000000e+02,
1.310000000000000000e+02,
2.150000000000000000e+02,
2.150000000000000000e+02,
1.310000000000000000e+02,
2.150000000000000000e+02,
1.310000000000000000e+02,
2.150000000000000000e+02,
2.150000000000000000e+02,
1.310000000000000000e+02,
2.150000000000000000e+02,
1.310000000000000000e+02,
2.150000000000000000e+02,
2.150000000000000000e+02,
1.310000000000000000e+02,
2.150000000000000000e+02,
1.310000000000000000e+02,
2.150000000000000000e+02,
2.150000000000000000e+02,
1.310000000000000000e+02,
2.150000000000000000e+02,
1.310000000000000000e+02,
2.150000000000000000e+02,
2.150000000000000000e+02,
1.310000000000000000e+02,
2.150000000000000000e+02,
1.310000000000000000e+02,
2.150000000000000000e+02,
2.150000000000000000e+02,
1.310000000000000000e+02,
2.150000000000000000e+02,
2.150000000000000000e+02,
1.310000000000000000e+02,
2.150000000000000000e+02,
1.310000000000000000e+02,
2.150000000000000000e+02,
2.150000000000000000e+02,
1.310000000000000000e+02,
2.150000000000000000e+02,
1.310000000000000000e+02,
2.150000000000000000e+02,
2.150000000000000000e+02,
1.310000000000000000e+02,
2.150000000000000000e+02,
2.150000000000000000e+02,
1.310000000000000000e+02,
2.150000000000000000e+02,
1.310000000000000000e+02,
2.150000000000000000e+02,
2.150000000000000000e+02,
1.310000000000000000e+02,
2.150000000000000000e+02,
2.150000000000000000e+02,
1.310000000000000000e+02,
2.150000000000000000e+02,
1.310000000000000000e+02,
2.150000000000000000e+02,
2.150000000000000000e+02,
1.310000000000000000e+02,
2.150000000000000000e+02,
2.150000000000000000e+02,
1.310000000000000000e+02,
2.150000000000000000e+02,
1.310000000000000000e+02,
2.150000000000000000e+02,
2.150000000000000000e+02,
1.310000000000000000e+02,
2.150000000000000000e+02,
2.150000000000000000e+02,
1.310000000000000000e+02,
2.150000000000000000e+02,
1.310000000000000000e+02,
2.150000000000000000e+02,
2.150000000000000000e+02,
1.310000000000000000e+02,
2.150000000000000000e+02,
2.150000000000000000e+02,
1.310000000000000000e+02,
2.150000000000000000e+02,
1.310000000000000000e+02,
2.150000000000000000e+02,
2.150000000000000000e+02,
1.310000000000000000e+02,
2.150000000000000000e+02,
2.150000000000000000e+02,
1.310000000000000000e+02,
2.150000000000000000e+02,
1.310000000000000000e+02,
2.150000000000000000e+02,
2.150000000000000000e+02,
1.310000000000000000e+02,
2.150000000000000000e+02,
2.150000000000000000e+02,
1.310000000000000000e+02,
2.150000000000000000e+02,
1.310000000000000000e+02,
2.150000000000000000e+02,
2.150000000000000000e+02,
1.310000000000000000e+02,
2.150000000000000000e+02,
2.150000000000000000e+02,
1.310000000000000000e+02,
2.150000000000000000e+02,
1.310000000000000000e+02,
2.150000000000000000e+02,
2.150000000000000000e+02,
1.310000000000000000e+02,
2.150000000000000000e+02,
2.150000000000000000e+02,
1.310000000000000000e+02,
2.150000000000000000e+02,
1.310000000000000000e+02,
2.150000000000000000e+02,
2.150000000000000000e+02,
1.310000000000000000e+02,
2.150000000000000000e+02,
2.150000000000000000e+02,
1.310000000000000000e+02,
2.150000000000000000e+02,
1.310000000000000000e+02,
2.150000000000000000e+02,
2.150000000000000000e+02,
1.310000000000000000e+02,
2.150000000000000000e+02,
2.150000000000000000e+02,
1.310000000000000000e+02,
2.150000000000000000e+02,
1.310000000000000000e+02,
2.150000000000000000e+02,
2.150000000000000000e+02,
1.310000000000000000e+02,
2.150000000000000000e+02,
2.150000000000000000e+02,
1.310000000000000000e+02,
