900,
1900,
1700,
2101,
1900,
1700,
1700,
1300,
1100,
1100,
1300,
1300,
1300,
1300,
1500,
700,
700,
1300,
1700,
1700,
1300,
1100,
1100,
1300,
1700,
1700,
1700,
1700,
1300,
1100,
1300,
1700,
1700,
1700,
1300,
2101,
2101,
2101,
2101,
1100,
1500,
1100,
1100,
1300,
1700,
1700,
2101,
2101,
2101,
2101,
2101,
2101,
2300,
1500,
1900,
1900,
1300,
1700,
2101,
1700,
2101,
2101,
2101,
1700,
1700,
1300,
1500,
1300,
1900,
1700,
1700,
900,
1300,
1100,
1100,
1500,
700,
1100,
1300,
900,
900,
500,
1300,
700,
700,
1100,
1300,
1300,
1500,
1100,
700,
900,
500,
300,
900,
300,
700,
300,
1100,
500,
900,
1300,
700,
1300,
1100,
300,
900,
500,
1300,
700,
1100,
900,
500,
1300,
700,
1100,
300,
1300,
900,
500,
1100,
700,
1300,
900,
500,
