7.389999999999999680e+00,
7.379999999999999893e+00,
7.240000000000000213e+00,
7.549999999999999822e+00,
7.639999999999999680e+00,
7.719999999999999751e+00,
7.790000000000000036e+00,
8.039999999999999147e+00,
8.779999999999999361e+00,
9.800000000000000711e+00,
1.038000000000000078e+01,
1.060999999999999943e+01,
1.030000000000000071e+01,
9.750000000000000000e+00,
9.039999999999999147e+00,
8.630000000000000782e+00,
8.699999999999999289e+00,
8.730000000000000426e+00,
8.910000000000000142e+00,
8.980000000000000426e+00,
9.189999999999999503e+00,
9.259999999999999787e+00,
9.220000000000000639e+00,
9.300000000000000711e+00,
9.400000000000000355e+00,
9.410000000000000142e+00,
9.769999999999999574e+00,
1.027999999999999936e+01,
1.057000000000000028e+01,
1.088000000000000078e+01,
1.124000000000000021e+01,
1.155000000000000071e+01,
1.163000000000000078e+01,
1.160999999999999943e+01,
1.148000000000000043e+01,
1.144999999999999929e+01,
1.055000000000000071e+01,
1.001999999999999957e+01,
9.980000000000000426e+00,
1.023000000000000043e+01,
1.163000000000000078e+01,
1.208000000000000007e+01,
1.297000000000000064e+01,
1.327999999999999936e+01,
1.307000000000000028e+01,
1.274000000000000021e+01,
1.274000000000000021e+01,
1.244999999999999929e+01,
1.256000000000000050e+01,
1.282000000000000028e+01,
1.300999999999999979e+01,
1.308999999999999986e+01,
1.293999999999999950e+01,
1.232000000000000028e+01,
1.215000000000000036e+01,
1.175999999999999979e+01,
1.216000000000000014e+01,
1.296000000000000085e+01,
1.333999999999999986e+01,
1.350999999999999979e+01,
1.355000000000000071e+01,
1.328999999999999915e+01,
1.388000000000000078e+01,
1.478999999999999915e+01,
1.576999999999999957e+01,
1.632000000000000028e+01,
1.703000000000000114e+01,
1.685999999999999943e+01,
1.651999999999999957e+01,
1.502999999999999936e+01,
1.384999999999999964e+01,
1.323000000000000043e+01,
1.421000000000000085e+01,
1.459999999999999964e+01,
1.474000000000000021e+01,
1.503999999999999915e+01,
1.523000000000000043e+01,
1.616000000000000014e+01,
1.630000000000000071e+01,
1.664000000000000057e+01,
1.680999999999999872e+01,
1.685000000000000142e+01,
1.787999999999999901e+01,
1.753999999999999915e+01,
1.862000000000000099e+01,
1.891000000000000014e+01,
1.851999999999999957e+01,
1.825000000000000000e+01,
1.803999999999999915e+01,
1.837000000000000099e+01,
1.889000000000000057e+01,
1.907000000000000028e+01,
1.930000000000000071e+01,
1.982000000000000028e+01,
2.839999999999999858e+01,
2.153000000000000114e+01,
2.614999999999999858e+01,
2.051999999999999957e+01,
2.544999999999999929e+01,
1.892000000000000171e+01,
2.180999999999999872e+01,
1.912999999999999901e+01,
1.726000000000000156e+01,
1.923000000000000043e+01,
1.964999999999999858e+01,
1.939000000000000057e+01,
2.023000000000000043e+01,
1.989000000000000057e+01,
1.982000000000000028e+01,
1.980000000000000071e+01,
1.950000000000000000e+01,
1.951999999999999957e+01,
1.901000000000000156e+01,
1.960999999999999943e+01,
1.910999999999999943e+01,
1.942999999999999972e+01,
1.953999999999999915e+01,
1.953999999999999915e+01,
1.953999999999999915e+01,
1.953999999999999915e+01,
1.953999999999999915e+01,
1.953999999999999915e+01,
1.953999999999999915e+01,
1.953999999999999915e+01,
1.953999999999999915e+01,
